Rating,Jurisdiction,Charges,Days_of_disposal,City,Years_of_Experience,Type_of_Lawyer,Languages,Pro_bono,Lawyer Names,Lawfirms,Demography
5.0,Supreme Court,421,118.0,['Hyderabad'],20,"['Corporate', 'Consumer Protection', 'Labor']","['Telugu', 'Hindi']",yes,Anay Ahluwalia,['Saini PLC'],Large Corporations.
2.0,Specialized Court,436,120.0,['Delhi'],29,"['Intellectual Property', 'Criminal', 'Tax']","['Kannada', 'Tamil', 'Urdu']",no,Arnav Dubey,['Sarna-Contractor'],Small Businesses.
5.0,Specialized Court,237,94.0,['Delhi'],15,"['Human Rights', 'Civil', 'Family']","['Kannada', 'Gujarati', 'Tamil']",yes,Lavanya Lalla,['Gade-Cheema'],Large Corporations.
2.0,Specialized Court,90,90.0,['Kolkata'],11,"['Constitutional', 'Media and Entertainment', 'Real Estate']","['Punjabi', 'Telugu', 'Tamil']",yes,Armaan Khosla,['Brahmbhatt-Konda'],Large Corporations.
2.0,Supreme Court,247,106.0,['Bangalore'],8,"['Human Rights', 'Constitutional', 'Human Rights']","['Odia', 'Urdu', 'Malayalam']",yes,Advik Chaudry,['Barad PLC'],Individuals.
2.0,Supreme Court,154,107.0,['Bangalore'],29,"['Medical', 'Immigration', 'Constitutional']","['Hindi', 'Malayalam']",yes,Urvi Bedi,"['Bhatia', 'Kumer', 'Bahl']",Small Businesses.
4.0,Specialized Court,181,78.0,['Hyderabad'],21,"['Labor', 'Media and Entertainment', 'Civil']","['Bengali', 'Hindi', 'Malayalam']",no,Rania Bansal,"['Devi', 'Kade', 'Gopal']",Individuals.
4.0,Specialized Court,398,83.0,['Kolkata'],7,"['Labor', 'Consumer Protection', 'Criminal']","['Kannada', 'Gujarati', 'Hindi']",yes,Urvi Gera,['Hari LLC'],Small Businesses.
5.0,District Court,84,71.0,['Hyderabad'],26,"['Real Estate', 'Media and Entertainment', 'Immigration']","['Telugu', 'Bengali', 'Malayalam']",yes,Shamik Kamdar,['Virk LLC'],Individuals.
,Specialized Court,422,,['Chennai'],19,"['Banking and Finance', 'Environmental', 'Civil']","['Telugu', 'Punjabi']",yes,Ayesha Bala,"['Wali', 'Mann', 'Choudhry']",Individuals.
5.0,High Court,242,100.0,['Bangalore'],23,"['Immigration', 'Immigration', 'Medical']","['Telugu', 'Urdu', 'Tamil']",yes,Jayesh Kapur,['Madan LLC'],Large Corporations.
4.0,High Court,318,70.0,['Kolkata'],11,"['Family', 'Real Estate', 'Media and Entertainment']","['Telugu', 'Tamil']",no,Rohan Basu,['Chopra Inc'],Large Corporations.
1.0,Specialized Court,90,84.0,['Kolkata'],11,"['Environmental', 'Banking and Finance', 'Real Estate']","['Tamil', 'Malayalam']",no,Divit Kapoor,"['Bora', 'Malhotra', 'Manne']",Small Businesses.
1.0,Supreme Court,202,70.0,['Hyderabad'],24,"['Labor', 'Intellectual Property', 'Medical']","['Assamese', 'Odia', 'Urdu']",no,Vardaniya Mallick,"['Bhattacharyya', 'Bakshi', 'Iyengar']",Small Businesses.
5.0,District Court,90,77.0,['Delhi'],21,"['Constitutional', 'Banking and Finance', 'Media and Entertainment']","['Bengali', 'Assamese']",yes,Ivan Koshy,"['Roy', 'Krishna', 'Kala']",Small Businesses.
4.0,Supreme Court,483,99.0,['Kolkata'],4,"['Corporate', 'Intellectual Property', 'Medical']","['Telugu', 'Marathi', 'Urdu']",no,Reyansh Sibal,"['Chatterjee', 'Cherian', 'Ramaswamy']",Large Corporations.
4.0,Specialized Court,413,79.0,['Hyderabad'],8,"['Environmental', 'Corporate', 'Criminal']","['Punjabi', 'Urdu']",no,Vedika Vala,['De Inc'],Individuals.
2.0,High Court,257,86.0,['Mumbai'],24,"['Consumer Protection', 'Media and Entertainment', 'Labor']","['Telugu', 'Gujarati']",no,Aaryahi Sood,['Shankar-Sodhi'],Small Businesses.
3.0,District Court,151,66.0,['Delhi'],3,"['Human Rights', 'Labor', 'Banking and Finance']","['Telugu', 'Odia', 'Tamil']",no,Suhana Bawa,['Keer-Saini'],Large Corporations.
,Supreme Court,470,,['Delhi'],22,"['Labor', 'Consumer Protection', 'Immigration']","['Gujarati', 'Odia', 'Tamil']",no,Anahi Gala,['Kala Inc'],Large Corporations.
3.0,Supreme Court,205,90.0,['Bangalore'],21,"['Corporate', 'Environmental', 'Environmental']","['Assamese', 'Bengali', 'Kannada']",yes,Gatik Suresh,['Chauhan-Choudhary'],Individuals.
3.0,Specialized Court,122,80.0,['Chennai'],2,"['Labor', 'Banking and Finance', 'Media and Entertainment']","['Telugu', 'Kannada', 'Urdu']",no,Saanvi Thakur,"['Garde', 'Bassi', 'Tailor']",Individuals.
5.0,District Court,303,88.0,['Bangalore'],24,"['Family', 'Civil', 'Family']","['Assamese', 'Telugu', 'Odia']",no,Bhavin Kata,"['Dave', 'Kunda', 'Tiwari']",Large Corporations.
4.0,High Court,475,93.0,['Mumbai'],12,"['Consumer Protection', 'Media and Entertainment', 'Constitutional']","['Kannada', 'Gujarati', 'Malayalam']",no,Shayak Wable,['Dube Ltd'],Individuals.
5.0,Specialized Court,52,78.0,['Hyderabad'],6,"['Tax', 'Criminal', 'Environmental']","['Bengali', 'Urdu', 'Malayalam']",yes,Nakul Varughese,"['Shetty', 'Ghose', 'Kara']",Individuals.
3.0,District Court,157,68.0,['Delhi'],2,"['Labor', 'Medical', 'Human Rights']","['Kannada', 'Telugu', 'Malayalam']",yes,Aarush Rajagopalan,['Date-Upadhyay'],Large Corporations.
4.0,Supreme Court,472,118.0,['Delhi'],28,"['Medical', 'Human Rights', 'Family']","['Telugu', 'Kannada', 'Tamil']",no,Krish Ramachandran,['Balasubramanian PLC'],Small Businesses.
1.0,Specialized Court,127,81.0,['Kolkata'],21,"['Constitutional', 'Civil', 'Corporate']","['Punjabi', 'Tamil', 'Malayalam']",yes,Rhea De,"['Ganesh', 'Grover', 'Kapadia']",Small Businesses.
5.0,Supreme Court,101,89.0,['Chennai'],1,"['Labor', 'Immigration', 'Banking and Finance']","['Punjabi', 'Odia', 'Malayalam']",yes,Sahil D’Alia,['Dhillon-Kumar'],Large Corporations.
,Supreme Court,307,,['Chennai'],12,"['Immigration', 'Immigration', 'Tax']","['Bengali', 'Marathi', 'Urdu']",no,Eshani Hayre,"['Dora', 'Garg', 'Raj']",Small Businesses.
4.0,Specialized Court,438,143.0,['Kolkata'],26,"['Environmental', 'Banking and Finance', 'Criminal']","['Punjabi', 'Odia', 'Urdu']",yes,Advika Walla,"['Chaudhuri', 'Shukla', 'Ch', 'ra']",Large Corporations.
1.0,Specialized Court,265,72.0,['Mumbai'],22,"['Environmental', 'Human Rights', 'Environmental']","['Bengali', 'Hindi']",no,Aaryahi Banik,['Bhagat-Singhal'],Large Corporations.
1.0,Specialized Court,498,97.0,['Chennai'],29,"['Family', 'Family', 'Media and Entertainment']","['Odia', 'Malayalam']",no,Yasmin Kalla,['Din Group'],Individuals.
4.0,Specialized Court,356,80.0,['Delhi'],12,"['Constitutional', 'Real Estate', 'Family']","['Gujarati', 'Odia', 'Tamil']",no,Mahika Varma,"['H', 'a Ltd']",Small Businesses.
2.0,Specialized Court,83,82.0,['Mumbai'],25,"['Consumer Protection', 'Consumer Protection', 'Banking and Finance']","['Urdu', 'Tamil', 'Malayalam']",yes,Ira Mall,['Halder LLC'],Large Corporations.
5.0,Supreme Court,497,80.0,['Bangalore'],17,"['Medical', 'Intellectual Property', 'Media and Entertainment']","['Bengali', 'Gujarati', 'Hindi']",no,Madhav Agarwal,['Sheth-Shere'],Small Businesses.
5.0,High Court,234,74.0,['Bangalore'],27,"['Intellectual Property', 'Tax', 'Civil']","['Kannada', 'Malayalam']",no,Kanav Sahni,"['Thaker', 'Sons']",Small Businesses.
3.0,High Court,179,90.0,['Mumbai'],27,"['Constitutional', 'Medical', 'Tax']","['Assamese', 'Gujarati', 'Hindi']",yes,Anaya Choudhary,['Bhasin-Mangal'],Small Businesses.
4.0,Specialized Court,301,68.0,['Delhi'],10,"['Environmental', 'Environmental', 'Family']","['Gujarati', 'Tamil', 'Hindi']",no,Drishya Rattan,"['Kalita', 'Taneja', 'Chahal']",Large Corporations.
,Supreme Court,187,,['Bangalore'],28,"['Immigration', 'Civil', 'Intellectual Property']","['Kannada', 'Bengali', 'Tamil']",no,Nitya Talwar,"['T', 'on-Kari']",Individuals.
3.0,High Court,89,91.0,['Hyderabad'],28,"['Media and Entertainment', 'Media and Entertainment', 'Medical']","['Telugu', 'Gujarati', 'Hindi']",yes,Ivana Madan,['Banik-Raval'],Small Businesses.
1.0,High Court,51,97.0,['Delhi'],16,"['Tax', 'Environmental', 'Corporate']","['Telugu', 'Kannada', 'Odia']",no,Purab Contractor,"['Karan', 'Sons']",Large Corporations.
5.0,High Court,252,84.0,['Kolkata'],15,"['Family', 'Immigration', 'Real Estate']","['Bengali', 'Urdu', 'Malayalam']",yes,Riya Kannan,['Gole-Balakrishnan'],Small Businesses.
3.0,Supreme Court,427,85.0,['Chennai'],15,"['Intellectual Property', 'Labor', 'Environmental']","['Gujarati', 'Marathi', 'Odia']",no,Zoya Verma,"['Konda', 'Sons']",Individuals.
1.0,Specialized Court,308,95.0,['Mumbai'],19,"['Immigration', 'Corporate', 'Medical']","['Kannada', 'Marathi']",yes,Jhanvi Gaba,['Dar-Kapur'],Small Businesses.
4.0,Specialized Court,500,73.0,['Chennai'],12,"['Consumer Protection', 'Criminal', 'Human Rights']","['Marathi', 'Tamil', 'Hindi']",yes,Shaan Soni,"['Raj', 'Tailor', 'Gopal']",Large Corporations.
3.0,Specialized Court,179,85.0,['Kolkata'],23,"['Media and Entertainment', 'Real Estate', 'Constitutional']","['Telugu', 'Malayalam', 'Punjabi']",yes,Stuvan Krish,['Varughese-Ben'],Small Businesses.
5.0,District Court,176,78.0,['Bangalore'],20,"['Human Rights', 'Labor', 'Banking and Finance']","['Kannada', 'Telugu', 'Odia']",yes,Manikya Gour,"['Sura', 'Sachar', 'Bawa']",Small Businesses.
3.0,District Court,122,77.0,['Hyderabad'],25,"['Consumer Protection', 'Real Estate', 'Corporate']","['Kannada', 'Hindi', 'Malayalam']",no,Kavya Rattan,"['Sem', 'Sons']",Small Businesses.
,District Court,124,,['Delhi'],3,"['Immigration', 'Family', 'Tax']","['Telugu', 'Assamese']",no,Diya Bassi,"['Guha', 'Chowdhury', 'Rout']",Individuals.
3.0,Supreme Court,178,111.0,['Delhi'],5,"['Human Rights', 'Tax', 'Intellectual Property']","['Assamese', 'Hindi']",yes,Pari Garde,['Kala-Bera'],Small Businesses.
5.0,High Court,407,80.0,['Kolkata'],19,"['Criminal', 'Banking and Finance', 'Criminal']","['Hindi', 'Tamil', 'Malayalam']",no,Saksham Amble,"['Bali', 'Madan', 'Kata']",Large Corporations.
1.0,High Court,458,108.0,['Mumbai'],7,"['Family', 'Banking and Finance', 'Civil']","['Kannada', 'Gujarati', 'Hindi']",no,Jivin Kalla,['Jha Group'],Small Businesses.
5.0,Supreme Court,489,107.0,['Chennai'],21,"['Constitutional', 'Immigration', 'Constitutional']","['Marathi', 'Hindi']",no,Aaina Ganesan,['Tara Inc'],Small Businesses.
1.0,Supreme Court,155,71.0,['Hyderabad'],9,"['Human Rights', 'Corporate', 'Environmental']","['Gujarati', 'Odia', 'Urdu']",no,Jayan Kaur,"['Kunda', 'Bose', 'Varughese']",Small Businesses.
2.0,Specialized Court,447,74.0,['Bangalore'],7,"['Media and Entertainment', 'Human Rights', 'Banking and Finance']","['Assamese', 'Telugu', 'Marathi']",no,Dhruv Yohannan,"['Reddy', 'Sons']",Individuals.
5.0,Specialized Court,198,129.0,['Mumbai'],18,"['Banking and Finance', 'Consumer Protection', 'Constitutional']","['Tamil', 'Malayalam']",no,Hiran Dave,['Raman PLC'],Large Corporations.
5.0,District Court,101,117.0,['Hyderabad'],4,"['Human Rights', 'Human Rights', 'Corporate']","['Odia', 'Tamil', 'Malayalam']",no,Madhav Malhotra,['Deshmukh-Raju'],Small Businesses.
4.0,District Court,442,90.0,['Hyderabad'],25,"['Corporate', 'Labor', 'Banking and Finance']","['Telugu', 'Tamil', 'Urdu']",yes,Ivan Chaudhuri,"['Srivastava', 'Sethi', 'Baria']",Large Corporations.
,Supreme Court,336,,['Kolkata'],28,"['Tax', 'Real Estate', 'Tax']","['Kannada', 'Gujarati', 'Odia']",no,Azad Suri,"['Raju', 'Kapoor', 'Ram']",Large Corporations.
1.0,District Court,124,81.0,['Kolkata'],14,"['Corporate', 'Intellectual Property', 'Criminal']","['Punjabi', 'Kannada']",yes,Priyansh Choudhry,['Kaur-Mahajan'],Individuals.
1.0,High Court,243,97.0,['Delhi'],18,"['Constitutional', 'Family', 'Labor']","['Assamese', 'Kannada', 'Urdu']",yes,Tara Bains,[],Large Corporations.
4.0,Supreme Court,179,80.0,['Bangalore'],26,"['Constitutional', 'Intellectual Property', 'Human Rights']","['Gujarati', 'Odia']",yes,Gokul Sangha,"['Shroff', 'Bala', 'Raja']",Small Businesses.
4.0,Supreme Court,382,60.0,['Mumbai'],9,"['Family', 'Corporate', 'Intellectual Property']","['Assamese', 'Gujarati', 'Malayalam']",no,Jivin Srivastava,"['Chokshi', 'Khatri', 'Doshi']",Individuals.
3.0,High Court,254,71.0,['Delhi'],26,"['Constitutional', 'Consumer Protection', 'Environmental']","['Punjabi', 'Gujarati', 'Hindi']",no,Ranbir Sharaf,['Amble LLC'],Individuals.
3.0,Specialized Court,495,91.0,['Bangalore'],21,"['Environmental', 'Consumer Protection', 'Labor']","['Marathi', 'Hindi', 'Malayalam']",yes,Damini Virk,['Sarkar Ltd'],Large Corporations.
5.0,Specialized Court,75,74.0,['Chennai'],2,"['Human Rights', 'Labor', 'Civil']","['Kannada', 'Gujarati', 'Odia']",yes,Ivan Dhaliwal,"['Mammen', 'Setty', 'Badal']",Individuals.
2.0,High Court,210,89.0,['Chennai'],20,"['Human Rights', 'Environmental', 'Criminal']","['Telugu', 'Urdu', 'Punjabi']",no,Akarsh Karnik,['Tara LLC'],Large Corporations.
3.0,High Court,267,74.0,['Delhi'],28,"['Criminal', 'Family', 'Consumer Protection']","['Assamese', 'Kannada', 'Hindi']",no,Urvi Setty,['Vaidya Group'],Large Corporations.
,District Court,276,,['Mumbai'],15,"['Intellectual Property', 'Medical', 'Consumer Protection']","['Telugu', 'Marathi']",no,Anahi Date,"['Tak', 'Kumer', 'Dora']",Individuals.
3.0,Supreme Court,192,103.0,['Bangalore'],28,"['Constitutional', 'Consumer Protection', 'Criminal']","['Assamese', 'Gujarati', 'Tamil']",yes,Tara Sood,"['Chakrabarti', 'Kaur', 'Brar']",Small Businesses.
1.0,District Court,378,94.0,['Chennai'],7,"['Corporate', 'Consumer Protection', 'Intellectual Property']","['Bengali', 'Gujarati', 'Hindi']",yes,Kiara Doctor,"['Dalal', 'Rau', 'Bala']",Large Corporations.
2.0,High Court,444,90.0,['Chennai'],12,"['Media and Entertainment', 'Labor', 'Immigration']","['Bengali', 'Kannada', 'Punjabi']",no,Ishita Choudhry,['Sarraf-Sibal'],Individuals.
5.0,District Court,472,104.0,['Mumbai'],29,"['Constitutional', 'Immigration', 'Labor']","['Telugu', 'Marathi', 'Odia']",no,Yashvi Bakshi,"['Chakraborty', 'Joshi', 'Rege']",Individuals.
1.0,High Court,412,98.0,['Delhi'],8,"['Consumer Protection', 'Constitutional', 'Family']","['Assamese', 'Telugu', 'Marathi']",yes,Stuvan Cherian,['Choudhry Ltd'],Large Corporations.
1.0,District Court,433,112.0,['Kolkata'],15,"['Criminal', 'Family', 'Constitutional']","['Assamese', 'Urdu']",no,Advik Dora,"['Chaudhry', 'Ahuja', 'Gala']",Large Corporations.
2.0,District Court,298,84.0,['Hyderabad'],3,"['Environmental', 'Intellectual Property', 'Environmental']","['Kannada', 'Urdu', 'Malayalam']",no,Zara Sant,['Swamy-Hayre'],Large Corporations.
5.0,Specialized Court,422,84.0,['Bangalore'],14,"['Environmental', 'Corporate', 'Immigration']","['Punjabi', 'Tamil']",yes,Saksham Jani,"['Gara', 'Divan', 'Singhal']",Large Corporations.
4.0,High Court,187,71.0,['Chennai'],17,"['Media and Entertainment', 'Consumer Protection', 'Family']","['Punjabi', 'Odia', 'Tamil']",yes,Aniruddh Yohannan,['Kapoor Inc'],Small Businesses.
,District Court,229,,['Hyderabad'],4,"['Labor', 'Consumer Protection', 'Human Rights']","['Bengali', 'Marathi', 'Gujarati']",no,Aniruddh Baria,['Bail-Varughese'],Small Businesses.
3.0,Supreme Court,193,105.0,['Hyderabad'],18,"['Human Rights', 'Banking and Finance', 'Tax']","['Kannada', 'Assamese', 'Marathi']",yes,Kartik Viswanathan,"['Brar', 'Bhavsar', 'Gala']",Small Businesses.
1.0,District Court,260,110.0,['Kolkata'],8,"['Environmental', 'Tax', 'Environmental']","['Bengali', 'Telugu']",no,Lakshit Mani,['Sane-Loke'],Small Businesses.
3.0,District Court,179,105.0,['Hyderabad'],4,"['Human Rights', 'Media and Entertainment', 'Environmental']","['Bengali', 'Marathi', 'Malayalam']",yes,Devansh Mangal,['Kunda LLC'],Individuals.
4.0,Supreme Court,483,64.0,['Mumbai'],2,"['Labor', 'Immigration', 'Consumer Protection']","['Punjabi', 'Marathi', 'Urdu']",no,Nakul Chakraborty,['Bhatia Ltd'],Large Corporations.
3.0,High Court,191,107.0,['Delhi'],6,"['Immigration', 'Consumer Protection', 'Intellectual Property']","['Bengali', 'Marathi', 'Urdu']",no,Hridaan Bhattacharyya,"['K', 'a-Agrawal']",Individuals.
5.0,Specialized Court,94,63.0,['Bangalore'],22,"['Tax', 'Constitutional', 'Tax']","['Telugu', 'Marathi', 'Urdu']",no,Faiyaz Shroff,['Tripathi-Garg'],Individuals.
3.0,Specialized Court,287,104.0,['Mumbai'],10,"['Real Estate', 'Tax', 'Constitutional']","['Bengali', 'Odia', 'Urdu']",yes,Nitara Saha,"['S', 'hu', 'Sons']",Small Businesses.
4.0,Specialized Court,76,85.0,['Delhi'],4,"['Medical', 'Banking and Finance', 'Real Estate']","['Odia', 'Urdu', 'Tamil']",yes,Riya Sane,['Basak LLC'],Individuals.
4.0,Supreme Court,100,101.0,['Mumbai'],22,"['Environmental', 'Criminal', 'Family']","['Telugu', 'Hindi', 'Tamil']",no,Mohanlal Krishnan,"['Zachariah', 'Sons']",Small Businesses.
,District Court,149,,['Chennai'],29,"['Intellectual Property', 'Immigration', 'Consumer Protection']","['Bengali', 'Tamil', 'Punjabi']",no,Yashvi Krish,['Bail Group'],Large Corporations.
5.0,High Court,259,108.0,['Chennai'],18,"['Consumer Protection', 'Corporate', 'Environmental']","['Kannada', 'Odia', 'Punjabi']",yes,Rasha Deol,['Mahal-Solanki'],Small Businesses.
4.0,District Court,245,69.0,['Kolkata'],26,"['Civil', 'Real Estate', 'Immigration']","['Urdu', 'Tamil']",no,Nirvaan Ramaswamy,['Kothari Ltd'],Large Corporations.
1.0,Specialized Court,410,80.0,['Mumbai'],12,"['Immigration', 'Family', 'Medical']","['Hindi', 'Urdu', 'Malayalam']",no,Indrans Khalsa,['Sarin-Mane'],Small Businesses.
4.0,District Court,383,76.0,['Hyderabad'],2,"['Environmental', 'Labor', 'Consumer Protection']","['Bengali', 'Telugu', 'Malayalam']",no,Adira Borah,"['Bh', 'ari', 'Sons']",Individuals.
3.0,Supreme Court,242,64.0,['Chennai'],10,"['Human Rights', 'Corporate', 'Family']","['Kannada', 'Gujarati', 'Punjabi']",no,Armaan Bhargava,"['Date', 'Ch', 'ra', 'Bail']",Individuals.
3.0,Supreme Court,200,92.0,['Delhi'],4,"['Tax', 'Medical', 'Family']","['Punjabi', 'Telugu', 'Odia']",no,Nirvi Kalla,['Rege-Barad'],Small Businesses.
3.0,High Court,192,118.0,['Kolkata'],14,"['Labor', 'Family', 'Medical']","['Kannada', 'Odia', 'Malayalam']",no,Hrishita Raval,['Wali LLC'],Large Corporations.
5.0,High Court,398,131.0,['Hyderabad'],16,"['Corporate', 'Tax', 'Intellectual Property']","['Marathi', 'Hindi', 'Tamil']",no,Manjari D’Alia,['Borra Ltd'],Large Corporations.
3.0,Specialized Court,73,92.0,['Bangalore'],15,"['Medical', 'Environmental', 'Media and Entertainment']","['Kannada', 'Marathi', 'Gujarati']",no,Reyansh Kota,['Goda-Chahal'],Small Businesses.
,High Court,56,,['Mumbai'],8,"['Civil', 'Labor', 'Environmental']","['Bengali', 'Odia', 'Malayalam']",no,Rohan Sehgal,"['R', 'hawa', 'Wali', 'Kata']",Individuals.
5.0,District Court,408,94.0,['Chennai'],14,"['Tax', 'Civil', 'Tax']","['Assamese', 'Gujarati', 'Urdu']",yes,Miraan Garg,"['Dayal', 'Sons']",Large Corporations.
4.0,Supreme Court,265,98.0,['Hyderabad'],23,"['Tax', 'Media and Entertainment', 'Labor']","['Hindi', 'Odia', 'Tamil']",no,Dhruv Guha,"['Bahri', 'Grover', 'Tara']",Small Businesses.
1.0,Supreme Court,109,85.0,['Delhi'],28,"['Media and Entertainment', 'Media and Entertainment', 'Human Rights']","['Bengali', 'Gujarati', 'Punjabi']",no,Ishita Varkey,"['Goswami', 'Kala', 'Golla']",Large Corporations.
4.0,Supreme Court,156,93.0,['Mumbai'],25,"['Environmental', 'Intellectual Property', 'Real Estate']","['Telugu', 'Marathi', 'Odia']",yes,Eshani Wali,['Ahuja Group'],Individuals.
4.0,High Court,470,99.0,['Delhi'],8,"['Immigration', 'Criminal', 'Intellectual Property']","['Kannada', 'Gujarati', 'Marathi']",yes,Hiran Bhatt,['Anne PLC'],Large Corporations.
5.0,Supreme Court,437,82.0,['Kolkata'],21,"['Banking and Finance', 'Immigration', 'Media and Entertainment']","['Bengali', 'Kannada', 'Gujarati']",yes,Eshani Shukla,"['Dhillon', 'Chaudhari', 'Rajagopal']",Small Businesses.
5.0,Supreme Court,369,89.0,['Chennai'],16,"['Civil', 'Consumer Protection', 'Civil']","['Kannada', 'Hindi', 'Tamil']",no,Advika Raja,['Agrawal'],Large Corporations.
3.0,Supreme Court,267,90.0,['Chennai'],13,"['Medical', 'Environmental', 'Human Rights']","['Bengali', 'Telugu', 'Odia']",yes,Ela Sandal,"['Ch', '-Ramach', 'ran']",Large Corporations.
3.0,Specialized Court,284,103.0,['Kolkata'],18,"['Family', 'Banking and Finance', 'Environmental']","['Telugu', 'Odia', 'Tamil']",yes,Rania Deshpande,"['Bhatt', 'Kaur', 'Doshi']",Individuals.
,Specialized Court,489,,['Delhi'],15,"['Real Estate', 'Medical', 'Intellectual Property']","['Punjabi', 'Assamese', 'Marathi']",no,Farhan Solanki,['Sahni-Dube'],Individuals.
2.0,High Court,485,90.0,['Mumbai'],21,"['Family', 'Environmental', 'Constitutional']","['Punjabi', 'Odia', 'Urdu']",yes,Shlok Baria,['Goyal-Amble'],Individuals.
2.0,Supreme Court,147,119.0,['Delhi'],24,"['Banking and Finance', 'Corporate', 'Real Estate']","['Punjabi', 'Bengali', 'Telugu']",no,Vanya Dani,"['G', 'hi Ltd']",Individuals.
3.0,High Court,415,108.0,['Mumbai'],26,"['Human Rights', 'Criminal', 'Consumer Protection']","['Marathi', 'Hindi']",yes,Rohan Anand,"['Jayaraman', 'Andra', 'Savant']",Small Businesses.
2.0,Supreme Court,139,111.0,['Hyderabad'],25,"['Human Rights', 'Real Estate', 'Medical']","['Kannada', 'Tamil']",yes,Vihaan Bhatnagar,['Gaba-Kade'],Large Corporations.
3.0,Supreme Court,146,91.0,['Kolkata'],28,"['Consumer Protection', 'Human Rights', 'Criminal']","['Assamese', 'Telugu', 'Hindi']",yes,Darshit Karan,"['Sangha', 'Dada', 'Malhotra']",Large Corporations.
5.0,Supreme Court,354,95.0,['Bangalore'],28,"['Civil', 'Media and Entertainment', 'Civil']","['Marathi', 'Tamil']",yes,Ayesha Kar,['Virk Inc'],Large Corporations.
4.0,High Court,232,106.0,['Mumbai'],28,"['Family', 'Family', 'Corporate']","['Kannada', 'Gujarati', 'Tamil']",yes,Navya Hayre,['Gera Group'],Large Corporations.
1.0,High Court,469,114.0,['Chennai'],13,"['Media and Entertainment', 'Family', 'Banking and Finance']","['Kannada', 'Bengali']",no,Khushi Taneja,['Mani Ltd'],Small Businesses.
4.0,Supreme Court,90,61.0,['Hyderabad'],9,"['Human Rights', 'Corporate', 'Intellectual Property']","['Bengali', 'Tamil', 'Punjabi']",no,Aayush Saran,['Lall LLC'],Individuals.
,District Court,280,,['Chennai'],29,"['Banking and Finance', 'Constitutional', 'Family']","['Kannada', 'Odia']",no,Saanvi Barad,['Babu LLC'],Large Corporations.
3.0,High Court,463,110.0,['Hyderabad'],15,"['Environmental', 'Constitutional', 'Labor']",['Punjabi'],no,Bhavin Wali,['Hans-Borra'],Large Corporations.
4.0,Specialized Court,457,86.0,['Chennai'],13,"['Criminal', 'Consumer Protection', 'Criminal']","['Assamese', 'Kannada', 'Malayalam']",yes,Trisha Sundaram,['Sule-Sharma'],Individuals.
3.0,High Court,120,80.0,['Delhi'],1,"['Labor', 'Medical', 'Intellectual Property']","['Kannada', 'Assamese', 'Odia']",yes,Indranil Subramaniam,['Kara-Kashyap'],Individuals.
2.0,Supreme Court,215,72.0,['Delhi'],25,"['Criminal', 'Civil', 'Intellectual Property']","['Gujarati', 'Odia', 'Urdu']",yes,Zoya Khalsa,['Buch-Sama'],Large Corporations.
2.0,District Court,329,82.0,['Delhi'],7,"['Constitutional', 'Intellectual Property', 'Immigration']","['Bengali', 'Kannada', 'Punjabi']",yes,Hazel Basu,"['Andra', 'Kaur', 'Seth']",Individuals.
3.0,Supreme Court,122,69.0,['Hyderabad'],9,"['Medical', 'Labor', 'Media and Entertainment']","['Telugu', 'Tamil', 'Malayalam']",yes,Kartik Goel,"['Chhabra', 'B', 'i', 'Ray']",Large Corporations.
3.0,Specialized Court,486,122.0,['Hyderabad'],24,"['Family', 'Real Estate', 'Human Rights']","['Telugu', 'Hindi']",no,Ojas Jain,['Bassi-Tripathi'],Large Corporations.
2.0,High Court,462,90.0,['Chennai'],1,"['Consumer Protection', 'Consumer Protection', 'Immigration']","['Marathi', 'Malayalam']",no,Tanya Sood,['Sundaram-Mani'],Large Corporations.
3.0,High Court,125,90.0,['Mumbai'],12,"['Media and Entertainment', 'Criminal', 'Criminal']","['Bengali', 'Tamil']",no,Shlok Mangal,"['Viswanathan', 'Dhar', 'Kata']",Large Corporations.
,Supreme Court,105,,['Hyderabad'],8,"['Constitutional', 'Constitutional', 'Tax']","['Telugu', 'Gujarati', 'Malayalam']",no,Tushar Dugar,['Dasgupta-Mangat'],Large Corporations.
4.0,Supreme Court,88,105.0,['Chennai'],24,"['Human Rights', 'Civil', 'Consumer Protection']","['Assamese', 'Kannada', 'Hindi']",yes,Advik Mangal,['Kala Inc'],Large Corporations.
1.0,Specialized Court,459,105.0,['Mumbai'],11,"['Corporate', 'Civil', 'Immigration']","['Kannada', 'Telugu', 'Punjabi']",no,Armaan Wagle,['Jain-Vasa'],Individuals.
2.0,District Court,137,107.0,['Delhi'],19,"['Media and Entertainment', 'Media and Entertainment', 'Family']","['Bengali', 'Hindi', 'Odia']",yes,Madhav Bora,['Deo Ltd'],Small Businesses.
4.0,Specialized Court,237,81.0,['Hyderabad'],17,"['Intellectual Property', 'Medical', 'Civil']","['Punjabi', 'Hindi', 'Urdu']",yes,Pihu Gour,['Bora Ltd'],Small Businesses.
1.0,District Court,252,86.0,['Bangalore'],8,"['Corporate', 'Corporate', 'Corporate']","['Bengali', 'Gujarati', 'Marathi']",no,Aradhya Ravel,['Sathe Group'],Large Corporations.
3.0,High Court,320,102.0,['Delhi'],3,"['Banking and Finance', 'Real Estate', 'Human Rights']","['Bengali', 'Odia', 'Tamil']",no,Nayantara Sunder,['Keer LLC'],Individuals.
3.0,District Court,82,83.0,['Kolkata'],3,"['Civil', 'Tax', 'Medical']","['Telugu', 'Assamese', 'Odia']",yes,Alisha Bedi,['Goyal-Dasgupta'],Large Corporations.
4.0,District Court,152,90.0,['Mumbai'],1,"['Tax', 'Labor', 'Real Estate']","['Telugu', 'Odia']",yes,Zeeshan Seshadri,"['Suri', 'Shan', 'Loke']",Individuals.
3.0,High Court,469,96.0,['Bangalore'],27,"['Labor', 'Medical', 'Corporate']","['Bengali', 'Gujarati']",yes,Saira Ratti,"['Batra', 'Dugar', 'Singh']",Large Corporations.
,High Court,459,,['Delhi'],5,"['Media and Entertainment', 'Intellectual Property', 'Corporate']","['Bengali', 'Kannada', 'Tamil']",no,Samiha Bhakta,"['Batra', 'Chawla', 'Bose']",Large Corporations.
4.0,High Court,402,64.0,['Hyderabad'],10,"['Family', 'Medical', 'Real Estate']","['Telugu', 'Punjabi', 'Malayalam']",yes,Vritika Sachdev,['Desai Group'],Small Businesses.
1.0,Specialized Court,59,101.0,['Bangalore'],7,"['Medical', 'Medical', 'Immigration']","['Gujarati', 'Urdu', 'Hindi']",yes,Kimaya Kulkarni,['Anne PLC'],Individuals.
4.0,High Court,197,87.0,['Chennai'],26,"['Consumer Protection', 'Immigration', 'Criminal']","['Marathi', 'Urdu', 'Malayalam']",yes,Abram Borde,"['Hayre', 'Sule', 'Mani']",Individuals.
2.0,Supreme Court,333,101.0,['Mumbai'],9,"['Consumer Protection', 'Corporate', 'Real Estate']","['Telugu', 'Odia', 'Urdu']",yes,Ishaan Mann,['Bhalla LLC'],Small Businesses.
4.0,High Court,174,102.0,['Kolkata'],28,"['Medical', 'Labor', 'Consumer Protection']","['Punjabi', 'Hindi', 'Malayalam']",no,Stuvan Keer,"['Hayre', 'Amble', 'Bawa']",Small Businesses.
3.0,High Court,459,115.0,['Chennai'],7,"['Banking and Finance', 'Immigration', 'Consumer Protection']","['Hindi', 'Odia', 'Urdu']",no,Mamooty Yadav,['Krishnan Group'],Small Businesses.
3.0,High Court,335,111.0,['Bangalore'],9,"['Immigration', 'Immigration', 'Environmental']","['Telugu', 'Gujarati', 'Punjabi']",yes,Emir Khurana,['Rana Ltd'],Small Businesses.
5.0,District Court,82,111.0,['Delhi'],8,"['Human Rights', 'Banking and Finance', 'Constitutional']","['Kannada', 'Hindi', 'Malayalam']",no,Manjari Jain,"['M', '', 'Kumar', 'Lad']",Individuals.
5.0,Specialized Court,459,112.0,['Mumbai'],12,"['Intellectual Property', 'Real Estate', 'Tax']","['Gujarati', 'Marathi', 'Hindi']",yes,Navya Dar,"['R', 'hawa', 'Contractor', 'Sabharwal']",Individuals.
,High Court,481,,['Hyderabad'],2,"['Real Estate', 'Banking and Finance', 'Civil']","['Kannada', 'Hindi', 'Tamil']",no,Nayantara Goyal,['Atwal Inc'],Small Businesses.
1.0,Specialized Court,85,91.0,['Kolkata'],1,"['Real Estate', 'Real Estate', 'Labor']","['Bengali', 'Hindi', 'Punjabi']",no,Raunak Kaur,['Gulati-Buch'],Large Corporations.
5.0,Supreme Court,290,104.0,['Delhi'],16,"['Media and Entertainment', 'Consumer Protection', 'Immigration']","['Assamese', 'Bengali', 'Urdu']",no,Biju Joshi,"['Madan', 'Kala', 'Agate']",Large Corporations.
1.0,Supreme Court,187,101.0,['Kolkata'],23,"['Real Estate', 'Criminal', 'Human Rights']","['Bengali', 'Odia', 'Urdu']",no,Trisha Barad,"['Subramaniam', 'Chowdhury', 'Rajagopalan']",Large Corporations.
5.0,High Court,227,86.0,['Hyderabad'],23,"['Family', 'Civil', 'Medical']","['Punjabi', 'Tamil']",yes,Gatik Maharaj,"['Magar', 'Mammen', 'Borde']",Large Corporations.
1.0,Supreme Court,131,97.0,['Mumbai'],24,"['Real Estate', 'Labor', 'Tax']","['Kannada', 'Marathi', 'Tamil']",yes,Kismat Kothari,['Gulati-Dara'],Individuals.
4.0,Specialized Court,310,90.0,['Bangalore'],5,"['Environmental', 'Corporate', 'Real Estate']","['Bengali', 'Telugu']",yes,Indranil Sarna,['Agarwal-Ganesan'],Individuals.
4.0,District Court,481,78.0,['Kolkata'],3,"['Media and Entertainment', 'Consumer Protection', 'Constitutional']","['Assamese', 'Telugu', 'Malayalam']",no,Kashvi Bhatnagar,['Samra-Lad'],Individuals.
3.0,High Court,276,110.0,['Mumbai'],12,"['Criminal', 'Human Rights', 'Labor']","['Bengali', 'Telugu', 'Urdu']",no,Rhea Dayal,"['Zacharia', 'Khatri', 'Rana']",Large Corporations.
1.0,Supreme Court,87,91.0,['Kolkata'],8,"['Consumer Protection', 'Medical', 'Human Rights']","['Assamese', 'Urdu', 'Malayalam']",yes,Emir Saini,['Dubey-Datta'],Small Businesses.
,Specialized Court,329,,['Delhi'],22,"['Intellectual Property', 'Family', 'Civil']","['Kannada', 'Punjabi', 'Malayalam']",no,Tanya Mann,['Swaminathan Group'],Large Corporations.
3.0,Specialized Court,203,66.0,['Kolkata'],27,"['Criminal', 'Corporate', 'Banking and Finance']","['Punjabi', 'Kannada']",no,Tarini Chana,['Bhavsar-Yadav'],Individuals.
4.0,Supreme Court,435,82.0,['Delhi'],3,"['Tax', 'Criminal', 'Media and Entertainment']","['Punjabi', 'Gujarati', 'Tamil']",yes,Fateh Varty,['Ramanathan-Ganesan'],Large Corporations.
1.0,Specialized Court,246,91.0,['Delhi'],1,"['Intellectual Property', 'Intellectual Property', 'Civil']","['Kannada', 'Hindi', 'Tamil']",no,Trisha Bhavsar,"['Lall', 'Bath', 'Vora']",Small Businesses.
5.0,Specialized Court,137,108.0,['Mumbai'],3,"['Criminal', 'Environmental', 'Media and Entertainment']","['Assamese', 'Telugu', 'Punjabi']",yes,Navya Tata,['Choudhry-Buch'],Small Businesses.
2.0,High Court,136,96.0,['Chennai'],5,"['Intellectual Property', 'Environmental', 'Immigration']","['Telugu', 'Assamese', 'Urdu']",no,Saksham Dixit,"['Keer', 'Barman', 'Srivastava']",Large Corporations.
4.0,Specialized Court,396,95.0,['Hyderabad'],15,"['Tax', 'Civil', 'Real Estate']","['Assamese', 'Gujarati', 'Hindi']",yes,Bhavin Kara,"['Gill', 'Shroff', 'Malhotra']",Individuals.
3.0,Supreme Court,170,74.0,['Kolkata'],14,"['Constitutional', 'Environmental', 'Banking and Finance']","['Punjabi', 'Urdu', 'Malayalam']",no,Faiyaz Balay,"['Raj', 'Khanna', 'Raja']",Individuals.
1.0,High Court,395,73.0,['Bangalore'],3,"['Environmental', 'Environmental', 'Tax']","['Telugu', 'Marathi', 'Hindi']",no,Pari Raman,['Sehgal-Guha'],Individuals.
2.0,Supreme Court,143,95.0,['Delhi'],1,"['Family', 'Family', 'Criminal']","['Telugu', 'Marathi', 'Tamil']",no,Inaaya  Kara,"['Sani', 'Balay', 'Karpe']",Large Corporations.
,District Court,195,,['Chennai'],5,"['Family', 'Constitutional', 'Tax']","['Hindi', 'Odia', 'Urdu']",no,Madhav Loyal,"['Bh', 'ari-Sem']",Individuals.
5.0,Supreme Court,259,83.0,['Delhi'],26,"['Banking and Finance', 'Banking and Finance', 'Tax']","['Telugu', 'Malayalam']",no,Rhea Vyas,"['Batra', 'Bora', 'Keer']",Large Corporations.
3.0,Supreme Court,474,98.0,['Chennai'],23,"['Media and Entertainment', 'Intellectual Property', 'Civil']","['Telugu', 'Urdu', 'Punjabi']",yes,Aarav Batra,['Deol-Buch'],Individuals.
1.0,High Court,469,76.0,['Chennai'],14,"['Medical', 'Banking and Finance', 'Media and Entertainment']","['Assamese', 'Punjabi', 'Malayalam']",no,Vihaan Sastry,"['Salvi', 'Amble', 'Deep']",Small Businesses.
4.0,Specialized Court,143,115.0,['Bangalore'],7,"['Human Rights', 'Real Estate', 'Criminal']","['Assamese', 'Odia']",yes,Vidur Rout,['Contractor-Sarkar'],Small Businesses.
3.0,Supreme Court,211,109.0,['Chennai'],27,"['Consumer Protection', 'Immigration', 'Criminal']","['Assamese', 'Hindi', 'Tamil']",yes,Nitya Sarraf,['Gera LLC'],Individuals.
4.0,High Court,117,67.0,['Bangalore'],9,"['Real Estate', 'Constitutional', 'Immigration']","['Telugu', 'Urdu']",yes,Dharmajan Lad,['Borah-Raja'],Large Corporations.
1.0,District Court,279,77.0,['Mumbai'],15,"['Environmental', 'Banking and Finance', 'Human Rights']","['Odia', 'Urdu', 'Tamil']",no,Prerak Dey,['Edwin Group'],Individuals.
3.0,High Court,257,56.0,['Delhi'],15,"['Corporate', 'Corporate', 'Labor']","['Assamese', 'Hindi']",yes,Ishaan Doshi,['Yogi-Sridhar'],Large Corporations.
4.0,High Court,455,79.0,['Bangalore'],26,"['Real Estate', 'Corporate', 'Intellectual Property']","['Punjabi', 'Tamil']",no,Yuvraj  Brar,['Loke Inc'],Small Businesses.
,Specialized Court,469,,['Hyderabad'],10,"['Human Rights', 'Banking and Finance', 'Corporate']","['Hindi', 'Urdu', 'Malayalam']",no,Rasha Divan,['Kunda-Gopal'],Large Corporations.
5.0,Supreme Court,223,84.0,['Delhi'],28,"['Consumer Protection', 'Medical', 'Human Rights']","['Assamese', 'Marathi', 'Punjabi']",no,Nirvi Gade,['Barad-Barad'],Individuals.
1.0,District Court,271,97.0,['Hyderabad'],13,"['Civil', 'Banking and Finance', 'Corporate']","['Telugu', 'Bengali', 'Odia']",yes,Khushi Shenoy,"['An', '', 'Kota', 'Bansal']",Small Businesses.
3.0,High Court,453,68.0,['Kolkata'],19,"['Human Rights', 'Environmental', 'Civil']","['Odia', 'Tamil', 'Malayalam']",no,Ehsaan Ravi,['Ganguly PLC'],Large Corporations.
2.0,Supreme Court,413,102.0,['Hyderabad'],7,"['Environmental', 'Real Estate', 'Intellectual Property']","['Kannada', 'Bengali', 'Hindi']",no,Armaan Singhal,['Sura PLC'],Large Corporations.
3.0,Supreme Court,52,82.0,['Mumbai'],17,"['Criminal', 'Criminal', 'Labor']","['Assamese', 'Marathi', 'Odia']",no,Rohan Atwal,"['B', 'i-Golla']",Small Businesses.
5.0,High Court,194,91.0,['Kolkata'],20,"['Intellectual Property', 'Labor', 'Intellectual Property']","['Assamese', 'Odia', 'Punjabi']",yes,Rohan Saini,"['Kapadia', 'Swaminathan', 'Gill']",Individuals.
4.0,Supreme Court,240,89.0,['Kolkata'],29,"['Medical', 'Constitutional', 'Immigration']","['Punjabi', 'Marathi', 'Gujarati']",yes,Akarsh Batta,"['Dutta', 'Ramaswamy', 'Chana']",Small Businesses.
2.0,High Court,153,71.0,['Chennai'],4,"['Medical', 'Constitutional', 'Tax']","['Kannada', 'Odia', 'Malayalam']",yes,Elakshi Vohra,['Loyal LLC'],Individuals.
1.0,High Court,140,73.0,['Hyderabad'],5,"['Media and Entertainment', 'Banking and Finance', 'Civil']","['Punjabi', 'Gujarati', 'Urdu']",yes,Urvi Kara,"['Ch', 'a Group']",Individuals.
,High Court,67,,['Chennai'],23,"['Corporate', 'Tax', 'Criminal']","['Kannada', 'Assamese', 'Malayalam']",no,Tushar Bumb,['Sabharwal-Rajan'],Large Corporations.
1.0,District Court,340,96.0,['Hyderabad'],7,"['Environmental', 'Intellectual Property', 'Consumer Protection']","['Punjabi', 'Telugu', 'Odia']",yes,Indrajit Varghese,['Ahuja PLC'],Individuals.
2.0,High Court,168,106.0,['Kolkata'],13,"['Tax', 'Civil', 'Civil']","['Telugu', 'Gujarati']",no,Sumer Gokhale,['Garde Inc'],Individuals.
1.0,Specialized Court,74,95.0,['Chennai'],15,"['Civil', 'Intellectual Property', 'Media and Entertainment']","['Punjabi', 'Marathi', 'Odia']",yes,Khushi Srivastava,"['Kapoor', 'Ramanathan', 'An', '']",Small Businesses.
1.0,Supreme Court,154,93.0,['Delhi'],11,"['Tax', 'Media and Entertainment', 'Corporate']","['Bengali', 'Urdu', 'Malayalam']",no,Abram Garde,['Hegde Inc'],Small Businesses.
2.0,District Court,411,65.0,['Hyderabad'],29,"['Family', 'Labor', 'Banking and Finance']","['Punjabi', 'Marathi']",yes,Devansh Lata,['Sur-Krish'],Individuals.
2.0,Supreme Court,433,86.0,['Hyderabad'],4,"['Banking and Finance', 'Corporate', 'Labor']","['Kannada', 'Hindi', 'Malayalam']",yes,Nakul Kaur,['Krishnamurthy-Dugar'],Large Corporations.
1.0,District Court,267,90.0,['Chennai'],13,"['Family', 'Banking and Finance', 'Medical']","['Gujarati', 'Hindi', 'Urdu']",yes,Divij Banerjee,['Dutt Group'],Small Businesses.
5.0,Specialized Court,237,120.0,['Hyderabad'],7,"['Human Rights', 'Corporate', 'Intellectual Property']","['Telugu', 'Tamil', 'Punjabi']",no,Kanav Kuruvilla,"['Bose', 'Dua', 'Mangal']",Large Corporations.
2.0,District Court,490,101.0,['Kolkata'],27,"['Real Estate', 'Corporate', 'Labor']","['Telugu', 'Bengali', 'Kannada']",no,Amira Ramakrishnan,['Subramanian-Chahal'],Small Businesses.
,District Court,140,,['Chennai'],19,"['Criminal', 'Tax', 'Human Rights']","['Telugu', 'Odia', 'Urdu']",no,Kanav Arya,['Garde Group'],Small Businesses.
4.0,District Court,147,99.0,['Chennai'],22,"['Corporate', 'Corporate', 'Medical']","['Hindi', 'Tamil', 'Malayalam']",yes,Ritvik Agrawal,"['G', 'hi', 'Chana', 'Lal']",Individuals.
1.0,Supreme Court,181,80.0,['Bangalore'],28,"['Human Rights', 'Labor', 'Immigration']","['Bengali', 'Kannada', 'Hindi']",yes,Zoya Garde,"['Mall', 'Bobal', 'Dhingra']",Small Businesses.
1.0,High Court,128,92.0,['Bangalore'],2,"['Labor', 'Consumer Protection', 'Civil']","['Telugu', 'Hindi', 'Tamil']",yes,Indranil Mani,"['Shan', 'Seth', 'Wagle']",Small Businesses.
4.0,Supreme Court,221,94.0,['Kolkata'],10,"['Civil', 'Real Estate', 'Human Rights']","['Kannada', 'Hindi']",yes,Piya Sabharwal,"['Mammen', 'Butala', 'Mane']",Large Corporations.
5.0,High Court,460,76.0,['Delhi'],13,"['Medical', 'Human Rights', 'Media and Entertainment']","['Punjabi', 'Gujarati', 'Malayalam']",yes,Onkar Gill,['Sathe-Mallick'],Small Businesses.
4.0,Supreme Court,327,85.0,['Hyderabad'],25,"['Civil', 'Civil', 'Banking and Finance']","['Kannada', 'Urdu', 'Malayalam']",no,Yuvaan Kala,['Ahluwalia Group'],Small Businesses.
2.0,Specialized Court,235,87.0,['Mumbai'],21,"['Human Rights', 'Banking and Finance', 'Real Estate']","['Bengali', 'Assamese', 'Tamil']",no,Divyansh Desai,"['Bhagat', 'Mall', 'Kalla']",Large Corporations.
4.0,Specialized Court,470,115.0,['Hyderabad'],6,"['Human Rights', 'Medical', 'Medical']","['Tamil', 'Urdu']",no,Manikya Karpe,"['Venkataraman', 'Agrawal', 'Sant']",Individuals.
1.0,District Court,72,59.0,['Mumbai'],28,"['Environmental', 'Labor', 'Media and Entertainment']","['Punjabi', 'Gujarati', 'Odia']",no,Misha Bhat,['Chana Inc'],Individuals.
,Specialized Court,145,,['Kolkata'],28,"['Real Estate', 'Environmental', 'Civil']","['Punjabi', 'Hindi']",no,Tara Lal,"['Ben', 'Sons']",Small Businesses.
3.0,District Court,305,76.0,['Delhi'],12,"['Media and Entertainment', 'Consumer Protection', 'Human Rights']","['Punjabi', 'Kannada', 'Tamil']",no,Amira Chad,"['Dua', 'Shanker', 'Aggarwal']",Small Businesses.
2.0,High Court,327,70.0,['Delhi'],12,"['Family', 'Civil', 'Criminal']","['Punjabi', 'Bengali', 'Urdu']",yes,Romil Doctor,['Gokhale-Bora'],Large Corporations.
4.0,Specialized Court,68,108.0,['Delhi'],20,"['Medical', 'Labor', 'Civil']","['Assamese', 'Gujarati', 'Hindi']",yes,Kartik Sidhu,"['Sengupta', 'Ghosh', 'Wadhwa']",Individuals.
1.0,High Court,231,101.0,['Bangalore'],11,"['Banking and Finance', 'Consumer Protection', 'Constitutional']","['Assamese', 'Urdu', 'Malayalam']",yes,Darshit Sarna,"['M', 'al', 'Sons']",Individuals.
2.0,Supreme Court,342,109.0,['Kolkata'],26,"['Real Estate', 'Corporate', 'Immigration']","['Telugu', 'Marathi', 'Punjabi']",yes,Misha Subramaniam,"['Srivastava', 'An', '', 'Manne']",Individuals.
1.0,High Court,364,103.0,['Mumbai'],23,"['Intellectual Property', 'Medical', 'Family']","['Bengali', 'Hindi']",yes,Amira Doshi,"['Varma', 'Krishnan', 'Virk']",Large Corporations.
5.0,Supreme Court,337,121.0,['Delhi'],28,"['Environmental', 'Real Estate', 'Immigration']","['Telugu', 'Assamese']",no,Dhruv Bahl,['Bobal Group'],Large Corporations.
3.0,High Court,194,99.0,['Kolkata'],25,"['Environmental', 'Banking and Finance', 'Intellectual Property']","['Assamese', 'Telugu', 'Punjabi']",no,Diya Dhar,['Toor-Chad'],Large Corporations.
5.0,High Court,92,88.0,['Hyderabad'],7,"['Corporate', 'Constitutional', 'Consumer Protection']","['Assamese', 'Marathi']",no,Trisha Ramaswamy,['Ramesh-Atwal'],Small Businesses.
,Specialized Court,242,,['Mumbai'],1,"['Criminal', 'Intellectual Property', 'Family']","['Bengali', 'Gujarati', 'Odia']",no,Ritvik Bhandari,['Ben-Chakrabarti'],Individuals.
4.0,High Court,108,109.0,['Bangalore'],1,"['Banking and Finance', 'Immigration', 'Banking and Finance']","['Assamese', 'Kannada', 'Odia']",no,Mamooty Ganesh,['Brahmbhatt-Goda'],Small Businesses.
2.0,Specialized Court,476,79.0,['Chennai'],25,"['Consumer Protection', 'Human Rights', 'Intellectual Property']","['Bengali', 'Tamil', 'Malayalam']",yes,Nehmat Kaur,['Thakkar-Banik'],Small Businesses.
4.0,Specialized Court,264,81.0,['Mumbai'],27,"['Constitutional', 'Real Estate', 'Intellectual Property']","['Bengali', 'Marathi']",no,Tanya Seshadri,['Srinivas-Behl'],Large Corporations.
3.0,District Court,193,86.0,['Hyderabad'],25,"['Consumer Protection', 'Constitutional', 'Criminal']","['Assamese', 'Kannada', 'Malayalam']",no,Arnav Kapur,['Kamdar-Sani'],Individuals.
3.0,District Court,395,59.0,['Mumbai'],20,"['Human Rights', 'Criminal', 'Banking and Finance']","['Hindi', 'Odia', 'Malayalam']",no,Keya Mander,['Walla-Raju'],Small Businesses.
3.0,Supreme Court,274,93.0,['Mumbai'],13,"['Immigration', 'Banking and Finance', 'Criminal']","['Punjabi', 'Odia']",yes,Rohan Sur,['Vasa-Sur'],Individuals.
1.0,High Court,190,62.0,['Chennai'],9,"['Medical', 'Labor', 'Banking and Finance']","['Bengali', 'Telugu', 'Gujarati']",yes,Lakshay Ray,"['Kota', 'M', 'al', 'Dar']",Small Businesses.
2.0,Supreme Court,415,91.0,['Delhi'],3,"['Media and Entertainment', 'Media and Entertainment', 'Environmental']","['Tamil', 'Hindi', 'Urdu']",yes,Manjari Dass,['Master Ltd'],Large Corporations.
4.0,High Court,440,103.0,['Hyderabad'],7,"['Immigration', 'Criminal', 'Media and Entertainment']","['Telugu', 'Urdu']",yes,Zoya Sood,['Grover PLC'],Small Businesses.
,District Court,353,,['Chennai'],6,"['Environmental', 'Constitutional', 'Tax']","['Punjabi', 'Kannada']",yes,Dhanuk Trivedi,"['Chawla', 'Dhar', 'Kapadia']",Large Corporations.
5.0,District Court,71,116.0,['Mumbai'],8,"['Real Estate', 'Real Estate', 'Corporate']","['Bengali', 'Tamil']",yes,Kiaan Gupta,['Maharaj-Chowdhury'],Individuals.
3.0,High Court,305,69.0,['Hyderabad'],27,"['Intellectual Property', 'Labor', 'Banking and Finance']","['Assamese', 'Hindi']",no,Dhanush Bassi,"['Shan', 'Chauhan', 'Bhagat']",Small Businesses.
3.0,High Court,393,108.0,['Bangalore'],9,"['Corporate', 'Banking and Finance', 'Tax']","['Kannada', 'Bengali', 'Assamese']",no,Romil Sandhu,"['Biswas', 'Issac', 'Grewal']",Small Businesses.
3.0,District Court,111,101.0,['Mumbai'],5,"['Labor', 'Environmental', 'Tax']","['Punjabi', 'Marathi', 'Tamil']",no,Anvi Basak,['Chaudhry-Garg'],Large Corporations.
4.0,District Court,153,65.0,['Bangalore'],1,"['Immigration', 'Immigration', 'Medical']","['Bengali', 'Kannada', 'Odia']",yes,Diya Choudhry,"['Deep', 'Sons']",Large Corporations.
5.0,Supreme Court,447,131.0,['Kolkata'],19,"['Corporate', 'Corporate', 'Consumer Protection']","['Kannada', 'Bengali', 'Marathi']",yes,Eva Desai,['Bahri Ltd'],Individuals.
1.0,District Court,59,90.0,['Bangalore'],10,"['Environmental', 'Labor', 'Corporate']","['Bengali', 'Hindi', 'Malayalam']",yes,Veer Dhingra,[],Large Corporations.
2.0,High Court,389,77.0,['Mumbai'],12,"['Criminal', 'Environmental', 'Real Estate']","['Telugu', 'Kannada', 'Marathi']",yes,Aaina Sharma,['Sathe-Bal'],Individuals.
1.0,Supreme Court,263,69.0,['Chennai'],24,"['Tax', 'Banking and Finance', 'Family']","['Telugu', 'Marathi', 'Tamil']",no,Vanya Dasgupta,"['Kashyap', 'Behl', 'Sami']",Small Businesses.
,High Court,251,,['Mumbai'],15,"['Consumer Protection', 'Banking and Finance', 'Labor']","['Assamese', 'Gujarati', 'Odia']",no,Dhanuk Baral,['Gour-Dhar'],Individuals.
3.0,Specialized Court,53,89.0,['Mumbai'],27,"['Intellectual Property', 'Labor', 'Tax']","['Punjabi', 'Telugu', 'Gujarati']",yes,Indrans Dhillon,['Kurian-Kumar'],Individuals.
2.0,Supreme Court,419,92.0,['Kolkata'],22,"['Medical', 'Real Estate', 'Consumer Protection']","['Bengali', 'Marathi', 'Urdu']",yes,Parinaaz Devi,['Gaba-Kar'],Individuals.
4.0,High Court,212,86.0,['Delhi'],24,"['Family', 'Environmental', 'Environmental']","['Telugu', 'Gujarati', 'Odia']",yes,Renee Ben,['Baria-Dasgupta'],Small Businesses.
4.0,District Court,293,100.0,['Mumbai'],9,"['Human Rights', 'Real Estate', 'Banking and Finance']","['Telugu', 'Bengali', 'Marathi']",yes,Shlok Upadhyay,['Chhabra-Deol'],Small Businesses.
4.0,Specialized Court,355,85.0,['Kolkata'],20,"['Corporate', 'Consumer Protection', 'Civil']","['Bengali', 'Marathi', 'Gujarati']",no,Zaina Ghose,['Jain-Sha'],Large Corporations.
2.0,High Court,366,61.0,['Chennai'],17,"['Media and Entertainment', 'Constitutional', 'Civil']","['Punjabi', 'Kannada', 'Assamese']",yes,Yakshit Brahmbhatt,['Borah-Ganesh'],Individuals.
2.0,Supreme Court,480,88.0,['Kolkata'],17,"['Criminal', 'Family', 'Medical']","['Telugu', 'Hindi']",yes,Keya Kari,['Bhasin-Sule'],Small Businesses.
5.0,High Court,289,55.0,['Kolkata'],26,"['Labor', 'Labor', 'Intellectual Property']","['Bengali', 'Kannada', 'Gujarati']",no,Faiyaz Dube,['Bhatti-Choudhary'],Individuals.
5.0,Specialized Court,230,96.0,['Bangalore'],20,"['Constitutional', 'Human Rights', 'Medical']","['Kannada', 'Marathi']",yes,Advik Rajagopalan,"['S', 'al Group']",Individuals.
,Supreme Court,479,,['Delhi'],12,"['Consumer Protection', 'Banking and Finance', 'Corporate']","['Kannada', 'Telugu', 'Tamil']",yes,Raunak Vora,['Borah-Khanna'],Individuals.
2.0,Specialized Court,339,93.0,['Delhi'],7,"['Family', 'Intellectual Property', 'Intellectual Property']","['Telugu', 'Odia', 'Punjabi']",no,Neysa Soman,"['Chacko', 'Dora', 'Khosla']",Small Businesses.
2.0,High Court,184,110.0,['Hyderabad'],2,"['Medical', 'Labor', 'Medical']","['Punjabi', 'Gujarati', 'Tamil']",no,Advik Vaidya,"['Ch', 'ra-Deol']",Individuals.
2.0,District Court,107,76.0,['Chennai'],3,"['Consumer Protection', 'Constitutional', 'Banking and Finance']","['Kannada', 'Assamese', 'Malayalam']",no,Rati Mangal,['Shan-Aggarwal'],Individuals.
5.0,District Court,429,106.0,['Hyderabad'],17,"['Media and Entertainment', 'Medical', 'Consumer Protection']","['Kannada', 'Assamese', 'Malayalam']",no,Lakshit Badal,"['Chokshi', 'Tiwari', 'Divan']",Large Corporations.
4.0,High Court,213,84.0,['Kolkata'],5,"['Environmental', 'Medical', 'Constitutional']","['Bengali', 'Kannada', 'Urdu']",no,Uthkarsh Sur,['Sibal Inc'],Individuals.
3.0,High Court,347,117.0,['Chennai'],17,"['Constitutional', 'Civil', 'Constitutional']","['Marathi', 'Gujarati', 'Odia']",no,Zaina Saha,['Kara-Buch'],Large Corporations.
5.0,High Court,262,85.0,['Chennai'],24,"['Consumer Protection', 'Media and Entertainment', 'Environmental']","['Hindi', 'Urdu']",no,Baiju Hegde,['Guha-Viswanathan'],Individuals.
2.0,Supreme Court,140,78.0,['Delhi'],17,"['Banking and Finance', 'Human Rights', 'Human Rights']","['Hindi', 'Malayalam']",no,Anay Kar,[],Large Corporations.
5.0,Specialized Court,321,101.0,['Delhi'],27,"['Labor', 'Banking and Finance', 'Labor']","['Punjabi', 'Marathi', 'Tamil']",no,Riya Mahal,['Dhillon LLC'],Small Businesses.
,Specialized Court,77,,['Delhi'],17,"['Criminal', 'Criminal', 'Medical']","['Assamese', 'Hindi', 'Tamil']",no,Ivan Kunda,['Dar-Guha'],Small Businesses.
2.0,Specialized Court,236,78.0,['Mumbai'],2,"['Human Rights', 'Media and Entertainment', 'Criminal']","['Punjabi', 'Kannada', 'Hindi']",yes,Nirvaan Kakar,['Konda Group'],Individuals.
1.0,High Court,296,83.0,['Kolkata'],2,"['Immigration', 'Banking and Finance', 'Banking and Finance']","['Punjabi', 'Hindi', 'Tamil']",no,Jivin Kanda,['Dave Ltd'],Large Corporations.
2.0,Specialized Court,246,90.0,['Chennai'],28,"['Constitutional', 'Consumer Protection', 'Criminal']","['Kannada', 'Bengali', 'Gujarati']",no,Saanvi Kapur,"['Gera', 'Sons']",Small Businesses.
5.0,High Court,387,111.0,['Kolkata'],22,"['Medical', 'Corporate', 'Corporate']","['Kannada', 'Gujarati', 'Odia']",no,Tiya Mander,['Sarna Group'],Individuals.
4.0,Supreme Court,423,61.0,['Chennai'],23,"['Environmental', 'Environmental', 'Corporate']","['Kannada', 'Gujarati']",no,Alia Sandhu,"['Thakkar', 'Varkey', 'Salvi']",Individuals.
3.0,District Court,397,91.0,['Chennai'],5,"['Banking and Finance', 'Media and Entertainment', 'Tax']","['Assamese', 'Odia', 'Urdu']",no,Devansh Sami,['Sami Inc'],Large Corporations.
1.0,High Court,67,100.0,['Hyderabad'],1,"['Family', 'Banking and Finance', 'Constitutional']","['Telugu', 'Marathi']",yes,Drishya Bora,['Walla PLC'],Large Corporations.
5.0,High Court,137,93.0,['Chennai'],1,"['Real Estate', 'Family', 'Medical']","['Punjabi', 'Hindi', 'Malayalam']",yes,Anahi Gokhale,['Hayre LLC'],Individuals.
4.0,District Court,291,110.0,['Chennai'],19,"['Civil', 'Immigration', 'Tax']","['Punjabi', 'Assamese', 'Odia']",yes,Hazel Sem,"['Ramakrishnan', 'Sons']",Large Corporations.
,District Court,471,,['Bangalore'],2,"['Corporate', 'Medical', 'Criminal']","['Kannada', 'Marathi', 'Hindi']",no,Rhea Wason,"['Yohannan', 'Biswas', 'Bedi']",Large Corporations.
1.0,Supreme Court,426,88.0,['Bangalore'],21,"['Human Rights', 'Immigration', 'Human Rights']","['Marathi', 'Urdu', 'Hindi']",no,Rasha Bir,"['Brar', 'Johal', 'Dewan']",Small Businesses.
3.0,Specialized Court,429,99.0,['Hyderabad'],12,"['Media and Entertainment', 'Immigration', 'Family']","['Kannada', 'Telugu', 'Odia']",yes,Ahana  Kadakia,"['Ahuja', 'Deshmukh', 'Tata']",Large Corporations.
5.0,High Court,186,92.0,['Mumbai'],26,"['Consumer Protection', 'Media and Entertainment', 'Family']","['Assamese', 'Gujarati', 'Odia']",no,Arnav Shetty,['Goswami-Mane'],Individuals.
2.0,Specialized Court,243,85.0,['Delhi'],6,"['Immigration', 'Real Estate', 'Corporate']","['Bengali', 'Hindi', 'Tamil']",no,Kiaan Bhardwaj,"['Bera', 'Rana', 'Dugar']",Large Corporations.
4.0,High Court,262,98.0,['Chennai'],23,"['Constitutional', 'Immigration', 'Human Rights']","['Bengali', 'Hindi', 'Tamil']",yes,Diya Sule,['Kadakia-Tara'],Individuals.
5.0,Supreme Court,121,81.0,['Kolkata'],4,"['Consumer Protection', 'Corporate', 'Intellectual Property']","['Kannada', 'Marathi']",no,Badal Chauhan,"['Sachdev', 'Tailor', 'S', 'al']",Individuals.
4.0,District Court,64,81.0,['Bangalore'],23,"['Tax', 'Consumer Protection', 'Criminal']","['Assamese', 'Hindi', 'Malayalam']",no,Indrajit Sarraf,"['Kaur', 'Wason', 'Sekhon']",Large Corporations.
2.0,Supreme Court,476,83.0,['Delhi'],11,"['Corporate', 'Criminal', 'Family']","['Punjabi', 'Gujarati', 'Tamil']",no,Priyansh Bumb,['Ram-Upadhyay'],Large Corporations.
3.0,District Court,158,111.0,['Mumbai'],24,"['Real Estate', 'Immigration', 'Human Rights']","['Telugu', 'Marathi', 'Odia']",no,Hazel Chand,"['Bhargava-Ch', 'ra']",Large Corporations.
,Specialized Court,158,,['Delhi'],27,"['Banking and Finance', 'Human Rights', 'Media and Entertainment']","['Punjabi', 'Marathi', 'Malayalam']",no,Reyansh Suri,"['Mann', 'Shenoy', 'Badami']",Small Businesses.
2.0,Specialized Court,88,96.0,['Chennai'],17,"['Medical', 'Labor', 'Medical']","['Telugu', 'Kannada', 'Urdu']",no,Manjari Mammen,"['Vala', 'Sundaram', 'Kalla']",Small Businesses.
4.0,Supreme Court,468,91.0,['Delhi'],6,"['Labor', 'Human Rights', 'Human Rights']","['Punjabi', 'Bengali', 'Gujarati']",no,Rohan Goda,"['Dhawan-H', 'a']",Large Corporations.
5.0,District Court,311,65.0,['Chennai'],24,"['Banking and Finance', 'Labor', 'Media and Entertainment']","['Assamese', 'Kannada', 'Tamil']",yes,Oorja Saini,"['Varghese', 'Luthra', 'Tailor']",Individuals.
2.0,Supreme Court,350,95.0,['Hyderabad'],5,"['Banking and Finance', 'Real Estate', 'Criminal']","['Bengali', 'Hindi', 'Tamil']",yes,Vritika Choudhry,['Kant PLC'],Large Corporations.
1.0,District Court,460,98.0,['Bangalore'],20,"['Civil', 'Corporate', 'Immigration']","['Telugu', 'Marathi']",no,Anay Batra,"['Dada', 'Wali', 'Jani']",Small Businesses.
4.0,District Court,206,99.0,['Bangalore'],2,"['Criminal', 'Criminal', 'Media and Entertainment']","['Telugu', 'Tamil', 'Punjabi']",no,Devansh Cherian,['Cheema-Sinha'],Small Businesses.
3.0,Specialized Court,330,51.0,['Chennai'],6,"['Banking and Finance', 'Family', 'Human Rights']","['Punjabi', 'Tamil', 'Malayalam']",yes,Arhaan Contractor,"['Wason', 'Sons']",Large Corporations.
2.0,Specialized Court,67,111.0,['Kolkata'],22,"['Consumer Protection', 'Constitutional', 'Human Rights']","['Telugu', 'Hindi', 'Tamil']",yes,Yuvraj  Kothari,"['Chhabra', 'Chaudhary', 'Buch']",Individuals.
3.0,District Court,134,79.0,['Bangalore'],11,"['Real Estate', 'Media and Entertainment', 'Civil']","['Tamil', 'Malayalam']",yes,Madhav Roy,"['Mani', 'Tripathi', 'Mallick']",Individuals.
,District Court,424,,['Kolkata'],16,"['Real Estate', 'Criminal', 'Media and Entertainment']","['Assamese', 'Marathi']",yes,Jayesh Shetty,['Maharaj-Agarwal'],Small Businesses.
3.0,District Court,395,102.0,['Chennai'],16,"['Labor', 'Constitutional', 'Constitutional']","['Marathi', 'Urdu', 'Malayalam']",yes,Dharmajan Sehgal,"['Bhardwaj', 'Sons']",Small Businesses.
2.0,Specialized Court,208,77.0,['Hyderabad'],1,"['Intellectual Property', 'Human Rights', 'Tax']","['Bengali', 'Kannada', 'Assamese']",yes,Indranil Bose,['Ray Inc'],Small Businesses.
4.0,Specialized Court,220,100.0,['Chennai'],9,"['Media and Entertainment', 'Civil', 'Criminal']","['Telugu', 'Gujarati', 'Tamil']",yes,Nirvi Sinha,"['M', '', 'Sons']",Individuals.
1.0,High Court,290,85.0,['Hyderabad'],28,"['Labor', 'Medical', 'Civil']","['Kannada', 'Assamese', 'Marathi']",no,Pihu Wason,"['Bava', 'Varkey', 'Dash']",Small Businesses.
2.0,District Court,50,59.0,['Bangalore'],27,"['Consumer Protection', 'Constitutional', 'Human Rights']","['Kannada', 'Marathi', 'Hindi']",yes,Rhea Guha,"['Mangal', 'Ghose', 'Biswas']",Small Businesses.
5.0,High Court,159,108.0,['Kolkata'],6,"['Medical', 'Consumer Protection', 'Immigration']","['Marathi', 'Urdu', 'Hindi']",yes,Jayan Vig,['Dewan-Soni'],Individuals.
2.0,District Court,144,79.0,['Chennai'],16,"['Intellectual Property', 'Intellectual Property', 'Tax']","['Gujarati', 'Urdu', 'Malayalam']",yes,Tarini Dugar,['Dugar PLC'],Small Businesses.
4.0,Specialized Court,163,78.0,['Bangalore'],29,"['Intellectual Property', 'Consumer Protection', 'Criminal']","['Marathi', 'Hindi']",no,Hazel Keer,['Kata-Viswanathan'],Small Businesses.
2.0,High Court,413,84.0,['Hyderabad'],3,"['Immigration', 'Banking and Finance', 'Corporate']","['Bengali', 'Urdu', 'Tamil']",no,Raghav Kadakia,['Karan-Dyal'],Large Corporations.
,High Court,176,,['Chennai'],20,"['Immigration', 'Medical', 'Civil']","['Assamese', 'Telugu', 'Malayalam']",no,Ritvik Varma,['Kapadia PLC'],Small Businesses.
1.0,Supreme Court,136,90.0,['Hyderabad'],28,"['Family', 'Medical', 'Tax']","['Assamese', 'Gujarati', 'Urdu']",yes,Miraan Kibe,"['Dyal', 'Bhalla', 'Ganesan']",Large Corporations.
5.0,District Court,277,99.0,['Delhi'],27,"['Constitutional', 'Labor', 'Criminal']","['Punjabi', 'Marathi', 'Hindi']",yes,Divyansh Tripathi,"['Kurian', 'Brar', 'Chakraborty']",Small Businesses.
3.0,Specialized Court,440,70.0,['Hyderabad'],4,"['Constitutional', 'Corporate', 'Civil']","['Odia', 'Malayalam']",yes,Renee Andra,['Batta-Bhavsar'],Small Businesses.
4.0,Supreme Court,159,79.0,['Delhi'],19,"['Environmental', 'Tax', 'Immigration']","['Telugu', 'Gujarati', 'Urdu']",no,Eva Bala,"['Tella', 'Bhatia', 'Goswami']",Large Corporations.
4.0,Supreme Court,85,89.0,['Bangalore'],26,"['Media and Entertainment', 'Real Estate', 'Criminal']","['Bengali', 'Urdu']",no,Jivin Dara,['Ravel Group'],Small Businesses.
3.0,District Court,210,119.0,['Chennai'],3,"['Human Rights', 'Human Rights', 'Criminal']","['Hindi', 'Urdu']",no,Riaan Banik,"['Karan', 'Trivedi', 'De']",Large Corporations.
1.0,Supreme Court,386,89.0,['Bangalore'],19,"['Criminal', 'Intellectual Property', 'Banking and Finance']","['Odia', 'Urdu', 'Malayalam']",no,Prisha Mall,['Sankaran-Wason'],Small Businesses.
1.0,District Court,298,107.0,['Mumbai'],20,"['Constitutional', 'Constitutional', 'Criminal']","['Telugu', 'Hindi', 'Malayalam']",no,Lakshit Sodhi,"['Sura', 'Ganguly', 'Sarkar']",Large Corporations.
2.0,Supreme Court,418,91.0,['Hyderabad'],7,"['Immigration', 'Immigration', 'Environmental']","['Bengali', 'Tamil', 'Urdu']",no,Devansh Shere,['Dara Inc'],Large Corporations.
,District Court,482,,['Bangalore'],20,"['Family', 'Corporate', 'Labor']","['Bengali', 'Marathi']",yes,Pihu Bahri,"['Barman', 'Sama', 'Mangat']",Small Businesses.
5.0,Specialized Court,407,87.0,['Bangalore'],9,"['Banking and Finance', 'Intellectual Property', 'Environmental']","['Gujarati', 'Marathi', 'Urdu']",no,Pari Dutta,['Deo-Soni'],Small Businesses.
5.0,District Court,322,88.0,['Delhi'],1,"['Media and Entertainment', 'Real Estate', 'Human Rights']","['Punjabi', 'Marathi', 'Urdu']",no,Aarav Wali,['Srinivasan-Kannan'],Large Corporations.
2.0,District Court,272,100.0,['Hyderabad'],8,"['Family', 'Labor', 'Corporate']","['Kannada', 'Tamil']",no,Trisha Loyal,['Vasa Inc'],Individuals.
5.0,High Court,68,111.0,['Delhi'],7,"['Banking and Finance', 'Human Rights', 'Medical']","['Gujarati', 'Malayalam']",no,Ishaan Chandra,['Chacko-Gokhale'],Small Businesses.
3.0,Specialized Court,493,96.0,['Chennai'],18,"['Medical', 'Corporate', 'Human Rights']","['Punjabi', 'Gujarati', 'Urdu']",yes,Adira Sha,"['Batta', 'Sharaf', 'Basak']",Small Businesses.
2.0,Specialized Court,223,108.0,['Bangalore'],8,"['Medical', 'Real Estate', 'Immigration']","['Telugu', 'Odia', 'Tamil']",yes,Kiaan Koshy,['Mangat Group'],Individuals.
3.0,Specialized Court,119,76.0,['Hyderabad'],1,"['Intellectual Property', 'Civil', 'Environmental']","['Kannada', 'Hindi', 'Tamil']",no,Yashvi Sathe,['Sundaram-Soni'],Individuals.
2.0,Supreme Court,350,84.0,['Bangalore'],11,"['Media and Entertainment', 'Civil', 'Media and Entertainment']","['Bengali', 'Tamil', 'Punjabi']",yes,Indrans Brar,"['K', 'a', 'Chakrabarti', 'Kala']",Large Corporations.
5.0,High Court,178,80.0,['Chennai'],28,"['Environmental', 'Consumer Protection', 'Tax']","['Marathi', 'Gujarati', 'Urdu']",yes,Indrans Chaudhary,"['Batta', 'Sons']",Small Businesses.
,Specialized Court,314,,['Kolkata'],25,"['Human Rights', 'Consumer Protection', 'Consumer Protection']","['Telugu', 'Urdu', 'Tamil']",no,Charvi Loke,"['Tella', 'Agate', 'Dayal']",Large Corporations.
3.0,Supreme Court,314,85.0,['Chennai'],25,"['Labor', 'Real Estate', 'Media and Entertainment']","['Marathi', 'Hindi']",yes,Ayesha Sha,['Sachdev Ltd'],Small Businesses.
3.0,Supreme Court,251,101.0,['Delhi'],18,"['Criminal', 'Intellectual Property', 'Labor']","['Kannada', 'Gujarati', 'Urdu']",yes,Rasha Sarraf,['Kadakia Group'],Individuals.
2.0,Supreme Court,426,77.0,['Delhi'],23,"['Consumer Protection', 'Consumer Protection', 'Intellectual Property']","['Kannada', 'Marathi', 'Hindi']",yes,Ehsaan Dhawan,['Das-Kurian'],Large Corporations.
4.0,High Court,169,91.0,['Bangalore'],10,"['Intellectual Property', 'Human Rights', 'Consumer Protection']","['Telugu', 'Hindi', 'Tamil']",yes,Siya Shetty,['Wali-Magar'],Small Businesses.
5.0,Supreme Court,252,101.0,['Delhi'],3,"['Labor', 'Corporate', 'Labor']","['Kannada', 'Gujarati', 'Tamil']",no,Mamooty Kumar,['Bhatt PLC'],Small Businesses.
3.0,High Court,292,60.0,['Hyderabad'],7,"['Constitutional', 'Intellectual Property', 'Constitutional']","['Bengali', 'Hindi', 'Odia']",yes,Aniruddh Thaker,['Guha LLC'],Individuals.
4.0,District Court,349,122.0,['Chennai'],28,"['Environmental', 'Consumer Protection', 'Constitutional']","['Kannada', 'Hindi', 'Punjabi']",no,Dhanuk Chaudry,"['Sathe', 'Malhotra', 'Bala']",Individuals.
5.0,Supreme Court,403,86.0,['Bangalore'],16,"['Intellectual Property', 'Family', 'Criminal']","['Telugu', 'Urdu']",yes,Lavanya Thaman,"['H', 'a-Garde']",Small Businesses.
5.0,Specialized Court,228,60.0,['Chennai'],26,"['Corporate', 'Constitutional', 'Human Rights']","['Bengali', 'Urdu', 'Malayalam']",yes,Vritika Bhatti,['Zachariah-Ganesh'],Individuals.
,Supreme Court,341,,['Chennai'],16,"['Constitutional', 'Family', 'Labor']","['Punjabi', 'Telugu', 'Urdu']",yes,Vritika Wable,"['Dara', 'M', '', 'Ganesh']",Individuals.
3.0,District Court,118,91.0,['Bangalore'],25,"['Labor', 'Environmental', 'Intellectual Property']","['Bengali', 'Kannada', 'Gujarati']",no,Miraan Sem,"['Boase', 'Raju', 'Sant']",Large Corporations.
2.0,District Court,470,89.0,['Kolkata'],20,"['Criminal', 'Civil', 'Media and Entertainment']","['Assamese', 'Marathi', 'Gujarati']",yes,Aarush Kota,['Kala Group'],Small Businesses.
4.0,Supreme Court,222,105.0,['Delhi'],28,"['Consumer Protection', 'Labor', 'Labor']","['Bengali', 'Telugu', 'Odia']",no,Myra Shetty,['Rattan LLC'],Large Corporations.
4.0,District Court,378,102.0,['Mumbai'],17,"['Labor', 'Criminal', 'Corporate']","['Urdu', 'Tamil']",yes,Anahita Kade,"['Majumdar', 'Mallick', 'Devan']",Individuals.
3.0,High Court,59,95.0,['Mumbai'],2,"['Banking and Finance', 'Constitutional', 'Consumer Protection']","['Marathi', 'Hindi']",yes,Misha Char,['Dugal Inc'],Small Businesses.
5.0,High Court,142,97.0,['Mumbai'],1,"['Media and Entertainment', 'Civil', 'Corporate']","['Kannada', 'Bengali', 'Urdu']",no,Parinaaz Golla,"['Lalla', 'Bath', 'Badal']",Individuals.
3.0,Supreme Court,269,89.0,['Delhi'],16,"['Medical', 'Intellectual Property', 'Intellectual Property']","['Marathi', 'Urdu', 'Tamil']",yes,Divit Manne,['Koshy LLC'],Individuals.
5.0,High Court,445,117.0,['Kolkata'],12,"['Media and Entertainment', 'Intellectual Property', 'Labor']","['Punjabi', 'Marathi', 'Urdu']",yes,Anya Balan,"['Sarraf', 'Ch', 'a', 'Batra']",Small Businesses.
5.0,High Court,287,68.0,['Chennai'],5,"['Intellectual Property', 'Intellectual Property', 'Civil']","['Assamese', 'Tamil']",yes,Tarini Yohannan,['Raja-Banik'],Individuals.
,Specialized Court,468,,['Bangalore'],5,"['Intellectual Property', 'Labor', 'Banking and Finance']","['Assamese', 'Gujarati', 'Malayalam']",no,Arhaan Ganguly,"['Bedi', 'Butala', 'Kunda']",Large Corporations.
1.0,Supreme Court,268,91.0,['Kolkata'],27,"['Consumer Protection', 'Family', 'Human Rights']","['Bengali', 'Hindi', 'Odia']",yes,Eshani Grewal,"['Konda', 'Sons']",Small Businesses.
4.0,District Court,271,103.0,['Mumbai'],23,"['Real Estate', 'Criminal', 'Corporate']","['Telugu', 'Hindi', 'Malayalam']",yes,Ranbir Balakrishnan,['Mane LLC'],Individuals.
5.0,Supreme Court,104,78.0,['Hyderabad'],9,"['Criminal', 'Human Rights', 'Corporate']","['Marathi', 'Urdu']",yes,Indrajit Dhar,"['Bir', 'Gill', 'Chahal']",Individuals.
5.0,High Court,411,64.0,['Delhi'],9,"['Tax', 'Consumer Protection', 'Family']","['Telugu', 'Gujarati', 'Hindi']",no,Lavanya Karnik,"['Rajagopalan', 'Sons']",Individuals.
1.0,Specialized Court,161,93.0,['Delhi'],3,"['Constitutional', 'Intellectual Property', 'Labor']","['Assamese', 'Malayalam']",yes,Shaan Dugar,"['T', 'on-Malhotra']",Small Businesses.
2.0,Supreme Court,455,95.0,['Bangalore'],19,"['Media and Entertainment', 'Tax', 'Human Rights']","['Odia', 'Tamil', 'Malayalam']",no,Tushar Bhakta,"['Agrawal', 'Sangha', 'Shan']",Large Corporations.
1.0,Supreme Court,460,113.0,['Hyderabad'],16,"['Family', 'Environmental', 'Medical']","['Punjabi', 'Gujarati', 'Odia']",yes,Uthkarsh Singh,['Rout Inc'],Individuals.
1.0,High Court,474,71.0,['Chennai'],16,"['Consumer Protection', 'Constitutional', 'Corporate']","['Assamese', 'Kannada', 'Marathi']",yes,Kiaan Shenoy,"['Tailor', 'Ramach', 'ran', 'Bala']",Individuals.
5.0,High Court,284,108.0,['Kolkata'],3,"['Criminal', 'Corporate', 'Environmental']","['Punjabi', 'Telugu', 'Odia']",no,Aayush Singhal,['Singhal-Bir'],Individuals.
,Supreme Court,355,,['Hyderabad'],20,"['Family', 'Consumer Protection', 'Immigration']","['Punjabi', 'Kannada', 'Hindi']",no,Adira Sastry,['Dhar-Deshmukh'],Small Businesses.
1.0,High Court,400,85.0,['Kolkata'],24,"['Criminal', 'Tax', 'Banking and Finance']","['Telugu', 'Odia', 'Tamil']",no,Saira Chander,"['Chada', 'Contractor', 'Bhattacharyya']",Individuals.
2.0,High Court,109,71.0,['Kolkata'],22,"['Criminal', 'Criminal', 'Banking and Finance']","['Gujarati', 'Odia', 'Hindi']",no,Dharmajan Chana,"['Bhat', 'Lad', 'Garg']",Individuals.
3.0,High Court,320,84.0,['Chennai'],24,"['Labor', 'Labor', 'Labor']","['Kannada', 'Telugu', 'Gujarati']",no,Rhea Chakraborty,['Mallick Inc'],Individuals.
1.0,High Court,65,91.0,['Chennai'],1,"['Human Rights', 'Human Rights', 'Constitutional']","['Punjabi', 'Kannada', 'Hindi']",yes,Vihaan Sharaf,"['Bhattacharyya', 'Jha', 'Kalita']",Small Businesses.
1.0,High Court,274,99.0,['Chennai'],24,"['Banking and Finance', 'Human Rights', 'Family']","['Punjabi', 'Tamil', 'Urdu']",yes,Himmat Tripathi,"['Vyas', 'Venkataraman', 'Chada']",Large Corporations.
2.0,Specialized Court,120,82.0,['Bangalore'],20,"['Criminal', 'Criminal', 'Corporate']","['Punjabi', 'Odia', 'Malayalam']",no,Tanya Mander,"['Kuruvilla', 'Reddy', 'Tailor']",Small Businesses.
4.0,High Court,132,114.0,['Delhi'],11,"['Human Rights', 'Corporate', 'Media and Entertainment']","['Punjabi', 'Kannada', 'Gujarati']",yes,Adira Krishnan,"['Dey', 'Agate', 'Bassi']",Large Corporations.
1.0,District Court,214,74.0,['Mumbai'],17,"['Real Estate', 'Constitutional', 'Media and Entertainment']","['Marathi', 'Urdu']",yes,Anya Gopal,['Kohli Inc'],Large Corporations.
1.0,Supreme Court,245,64.0,['Chennai'],8,"['Tax', 'Banking and Finance', 'Family']","['Telugu', 'Gujarati', 'Punjabi']",no,Anahita Tripathi,"['Dalal', 'Virk', 'Dhaliwal']",Small Businesses.
,Specialized Court,330,,['Delhi'],4,"['Intellectual Property', 'Corporate', 'Media and Entertainment']","['Assamese', 'Odia', 'Malayalam']",no,Veer Bal,"['An', '-Barad']",Individuals.
2.0,Specialized Court,83,56.0,['Chennai'],6,"['Civil', 'Media and Entertainment', 'Constitutional']","['Kannada', 'Telugu', 'Odia']",no,Samaira Shanker,"['Rastogi', 'Sodhi', 'Thaman']",Large Corporations.
1.0,High Court,277,87.0,['Mumbai'],8,"['Family', 'Human Rights', 'Intellectual Property']","['Assamese', 'Telugu', 'Urdu']",yes,Jivin Khare,['Sanghvi-Tak'],Individuals.
4.0,Supreme Court,132,137.0,['Hyderabad'],20,"['Intellectual Property', 'Real Estate', 'Intellectual Property']","['Punjabi', 'Bengali', 'Malayalam']",no,Gatik Dubey,"['Kaur', 'Barad', 'Borde']",Large Corporations.
1.0,District Court,308,90.0,['Chennai'],3,"['Civil', 'Constitutional', 'Consumer Protection']","['Punjabi', 'Marathi', 'Urdu']",yes,Zoya Sant,"['Agrawal', 'Ghosh', 'Goyal']",Individuals.
3.0,High Court,337,74.0,['Delhi'],16,"['Tax', 'Criminal', 'Medical']","['Kannada', 'Telugu', 'Malayalam']",no,Shamik Tripathi,"['Bhatia', 'Vig', 'Dara']",Individuals.
5.0,Supreme Court,301,90.0,['Bangalore'],25,"['Banking and Finance', 'Human Rights', 'Labor']","['Hindi', 'Urdu']",no,Kaira Chana,['Karnik LLC'],Small Businesses.
3.0,High Court,382,90.0,['Hyderabad'],3,"['Tax', 'Human Rights', 'Constitutional']","['Marathi', 'Gujarati', 'Tamil']",no,Jayesh Dugar,['Dubey-Kothari'],Individuals.
1.0,High Court,201,93.0,['Hyderabad'],25,"['Family', 'Intellectual Property', 'Real Estate']","['Assamese', 'Kannada']",no,Ishaan Rattan,"['Kale', 'Borde', 'Guha']",Large Corporations.
2.0,High Court,394,100.0,['Hyderabad'],29,"['Medical', 'Criminal', 'Medical']","['Bengali', 'Tamil', 'Urdu']",yes,Suhana Goyal,['Wagle-Babu'],Individuals.
,High Court,245,,['Mumbai'],18,"['Family', 'Banking and Finance', 'Consumer Protection']","['Assamese', 'Bengali', 'Gujarati']",yes,Jayan Kata,"['Dash', 'Talwar', 'Bhatti']",Individuals.
3.0,High Court,268,116.0,['Delhi'],14,"['Tax', 'Criminal', 'Real Estate']","['Telugu', 'Marathi', 'Hindi']",yes,Uthkarsh Ghosh,['Kapadia-Shankar'],Individuals.
4.0,High Court,342,94.0,['Kolkata'],18,"['Civil', 'Banking and Finance', 'Labor']","['Marathi', 'Hindi']",no,Ahana  Kata,['Bajaj LLC'],Large Corporations.
2.0,High Court,58,101.0,['Kolkata'],2,"['Consumer Protection', 'Constitutional', 'Criminal']","['Assamese', 'Bengali', 'Tamil']",yes,Hiran Dada,['Raja Group'],Large Corporations.
3.0,District Court,344,81.0,['Kolkata'],22,"['Criminal', 'Environmental', 'Human Rights']","['Telugu', 'Hindi', 'Tamil']",yes,Ishita Bains,"['M', 'er Ltd']",Large Corporations.
4.0,Specialized Court,328,110.0,['Bangalore'],3,"['Constitutional', 'Real Estate', 'Family']","['Bengali', 'Marathi', 'Malayalam']",yes,Dhruv Dayal,['Warrior-Deo'],Individuals.
1.0,District Court,189,87.0,['Chennai'],16,"['Environmental', 'Consumer Protection', 'Family']","['Kannada', 'Telugu', 'Gujarati']",no,Zaina Tripathi,['Bawa Inc'],Small Businesses.
4.0,High Court,89,95.0,['Chennai'],29,"['Human Rights', 'Criminal', 'Human Rights']","['Marathi', 'Tamil', 'Hindi']",yes,Samarth Sodhi,"['Ratti', 'Agate', 'Sant']",Large Corporations.
3.0,High Court,91,77.0,['Chennai'],9,"['Corporate', 'Tax', 'Human Rights']","['Telugu', 'Marathi', 'Malayalam']",no,Himmat Lad,"['Jani', 'Biswas', 'Gera']",Individuals.
3.0,District Court,465,76.0,['Bangalore'],4,"['Environmental', 'Civil', 'Intellectual Property']","['Bengali', 'Hindi', 'Odia']",no,Rasha Devi,['Ramesh LLC'],Large Corporations.
,District Court,360,,['Kolkata'],1,"['Intellectual Property', 'Immigration', 'Medical']","['Punjabi', 'Marathi', 'Urdu']",no,Lavanya Sethi,['Gole Group'],Small Businesses.
4.0,Specialized Court,107,84.0,['Hyderabad'],4,"['Labor', 'Immigration', 'Real Estate']","['Tamil', 'Malayalam']",yes,Seher Tata,"['Suri', 'Karan', 'Thakkar']",Individuals.
4.0,District Court,211,78.0,['Chennai'],1,"['Intellectual Property', 'Criminal', 'Media and Entertainment']","['Punjabi', 'Kannada']",no,Eshani Andra,"['Rao', 'Sons']",Large Corporations.
1.0,Specialized Court,317,81.0,['Hyderabad'],14,"['Labor', 'Media and Entertainment', 'Human Rights']","['Tamil', 'Marathi', 'Urdu']",no,Arnav Bahl,['Dass LLC'],Large Corporations.
4.0,High Court,426,101.0,['Hyderabad'],21,"['Civil', 'Banking and Finance', 'Environmental']","['Punjabi', 'Kannada', 'Gujarati']",no,Lagan Jhaveri,"['Anne', 'Kari', 'Sane']",Small Businesses.
1.0,Supreme Court,70,81.0,['Bangalore'],16,"['Medical', 'Tax', 'Tax']","['Gujarati', 'Hindi', 'Tamil']",yes,Aaryahi Devan,['Uppal-Upadhyay'],Large Corporations.
2.0,Supreme Court,156,89.0,['Bangalore'],20,"['Media and Entertainment', 'Environmental', 'Human Rights']","['Assamese', 'Marathi', 'Gujarati']",no,Indrans Venkataraman,['Chaudhary LLC'],Individuals.
3.0,Supreme Court,450,91.0,['Delhi'],24,"['Labor', 'Intellectual Property', 'Corporate']","['Assamese', 'Marathi', 'Odia']",no,Rania Salvi,['Master LLC'],Individuals.
2.0,Supreme Court,54,62.0,['Chennai'],8,"['Family', 'Banking and Finance', 'Corporate']","['Bengali', 'Gujarati', 'Odia']",no,Jivin Mangal,['Barad-Thakkar'],Small Businesses.
5.0,High Court,141,68.0,['Kolkata'],7,"['Consumer Protection', 'Labor', 'Corporate']","['Assamese', 'Urdu', 'Tamil']",yes,Shamik Mahal,"['M', 'er-Mannan']",Small Businesses.
,Supreme Court,482,,['Mumbai'],3,"['Constitutional', 'Labor', 'Intellectual Property']","['Punjabi', 'Telugu', 'Malayalam']",no,Indranil Sidhu,"['Yohannan', 'Dar', 'Varty']",Small Businesses.
5.0,District Court,326,79.0,['Bangalore'],17,"['Constitutional', 'Constitutional', 'Banking and Finance']","['Punjabi', 'Odia', 'Urdu']",no,Pihu Dutt,['Gaba PLC'],Individuals.
1.0,District Court,168,106.0,['Hyderabad'],1,"['Family', 'Immigration', 'Media and Entertainment']","['Bengali', 'Assamese', 'Odia']",no,Vanya Tandon,['Aurora-Bansal'],Small Businesses.
4.0,Supreme Court,80,105.0,['Delhi'],16,"['Consumer Protection', 'Criminal', 'Constitutional']","['Assamese', 'Marathi', 'Punjabi']",no,Advik Jhaveri,"['Rege', 'Solanki', 'Sampath']",Large Corporations.
2.0,District Court,63,101.0,['Mumbai'],12,"['Banking and Finance', 'Labor', 'Environmental']","['Telugu', 'Odia', 'Urdu']",no,Taran Zacharia,['Bhat-Ramaswamy'],Large Corporations.
2.0,Specialized Court,160,118.0,['Bangalore'],27,"['Real Estate', 'Criminal', 'Civil']","['Marathi', 'Hindi', 'Tamil']",yes,Mannat Dada,['Lal-Chakrabarti'],Individuals.
2.0,High Court,447,89.0,['Delhi'],19,"['Banking and Finance', 'Constitutional', 'Banking and Finance']","['Bengali', 'Kannada', 'Punjabi']",yes,Nakul Chana,"['Balan', 'Sons']",Large Corporations.
2.0,Supreme Court,237,100.0,['Hyderabad'],22,"['Medical', 'Immigration', 'Real Estate']","['Gujarati', 'Urdu']",no,Ishaan Soni,"['Ramanathan', 'T', 'on', 'Dara']",Small Businesses.
5.0,Supreme Court,374,82.0,['Chennai'],23,"['Environmental', 'Corporate', 'Environmental']","['Assamese', 'Odia', 'Tamil']",no,Dharmajan Mand,"['Yohannan', 'Ramanathan', 'Rao']",Large Corporations.
2.0,High Court,463,127.0,['Delhi'],22,"['Medical', 'Environmental', 'Consumer Protection']","['Telugu', 'Gujarati', 'Hindi']",no,Advika Tata,"['Sarkar', 'Sons']",Small Businesses.
,District Court,234,,['Bangalore'],14,"['Civil', 'Civil', 'Real Estate']","['Marathi', 'Hindi', 'Urdu']",no,Ehsaan Varma,['Cherian-De'],Large Corporations.
5.0,High Court,136,91.0,['Chennai'],6,"['Environmental', 'Civil', 'Environmental']","['Assamese', 'Marathi', 'Malayalam']",no,Zain Saini,['Wadhwa Ltd'],Individuals.
2.0,High Court,283,96.0,['Hyderabad'],6,"['Real Estate', 'Labor', 'Tax']","['Marathi', 'Malayalam']",no,Vihaan Rau,"['Raja', 'Dube', 'Ramesh']",Small Businesses.
1.0,District Court,459,111.0,['Kolkata'],13,"['Media and Entertainment', 'Civil', 'Medical']","['Assamese', 'Telugu', 'Kannada']",yes,Anay Bajaj,['Lanka-Chahal'],Large Corporations.
3.0,High Court,412,88.0,['Delhi'],19,"['Real Estate', 'Human Rights', 'Environmental']","['Assamese', 'Marathi', 'Urdu']",no,Jayant Gandhi,['Anne Ltd'],Individuals.
3.0,District Court,80,81.0,['Mumbai'],22,"['Intellectual Property', 'Media and Entertainment', 'Media and Entertainment']","['Telugu', 'Odia', 'Urdu']",no,Zoya Mann,['Goyal-Kala'],Large Corporations.
3.0,District Court,362,104.0,['Hyderabad'],8,"['Tax', 'Environmental', 'Environmental']","['Bengali', 'Urdu', 'Punjabi']",yes,Rania Sahota,"['Shah-Ch', 'ra']",Individuals.
5.0,High Court,307,92.0,['Chennai'],27,"['Intellectual Property', 'Banking and Finance', 'Banking and Finance']","['Punjabi', 'Gujarati', 'Malayalam']",yes,Dhruv Kurian,"['Devi', 'Ganesan', 'Vig']",Large Corporations.
2.0,Specialized Court,458,93.0,['Hyderabad'],27,"['Tax', 'Corporate', 'Environmental']","['Telugu', 'Gujarati', 'Urdu']",yes,Himmat Sharaf,['Talwar-Bedi'],Small Businesses.
5.0,District Court,105,78.0,['Chennai'],2,"['Medical', 'Environmental', 'Family']","['Assamese', 'Marathi', 'Hindi']",yes,Ela Iyer,['Thakkar-Sahota'],Small Businesses.
,High Court,290,,['Hyderabad'],21,"['Corporate', 'Human Rights', 'Banking and Finance']","['Punjabi', 'Telugu']",no,Jayan Sha,['Yogi Ltd'],Small Businesses.
1.0,District Court,446,94.0,['Kolkata'],1,"['Medical', 'Medical', 'Media and Entertainment']","['Kannada', 'Hindi', 'Odia']",yes,Amani Lal,['Grewal-Krishnan'],Small Businesses.
1.0,Specialized Court,235,104.0,['Delhi'],28,"['Labor', 'Banking and Finance', 'Criminal']","['Telugu', 'Gujarati', 'Malayalam']",yes,Bhamini Gera,['Bhagat-Varghese'],Small Businesses.
3.0,Specialized Court,267,87.0,['Mumbai'],15,"['Consumer Protection', 'Human Rights', 'Labor']","['Marathi', 'Gujarati', 'Odia']",yes,Miraya Chacko,['Kapoor Group'],Large Corporations.
3.0,Supreme Court,82,112.0,['Kolkata'],1,"['Tax', 'Criminal', 'Consumer Protection']","['Marathi', 'Gujarati']",no,Lagan Yadav,['Ravel-Hegde'],Large Corporations.
3.0,District Court,175,80.0,['Delhi'],5,"['Banking and Finance', 'Constitutional', 'Medical']","['Telugu', 'Hindi', 'Malayalam']",no,Rasha Vaidya,['Bera-Kade'],Large Corporations.
2.0,District Court,196,75.0,['Mumbai'],28,"['Environmental', 'Consumer Protection', 'Consumer Protection']","['Kannada', 'Gujarati', 'Malayalam']",no,Anahi Sule,"['Kurian', 'Aggarwal', 'Sule']",Large Corporations.
4.0,High Court,475,89.0,['Hyderabad'],29,"['Family', 'Corporate', 'Family']","['Bengali', 'Gujarati', 'Hindi']",yes,Rasha Sem,"['Mangal-M', 'a']",Small Businesses.
4.0,District Court,177,89.0,['Mumbai'],16,"['Intellectual Property', 'Consumer Protection', 'Human Rights']","['Bengali', 'Hindi', 'Tamil']",no,Diya Yogi,['Ravel-Gulati'],Individuals.
4.0,Supreme Court,257,102.0,['Bangalore'],19,"['Consumer Protection', 'Constitutional', 'Constitutional']","['Punjabi', 'Hindi', 'Urdu']",yes,Tushar Lata,"['Lalla', 'Keer', 'Biswas']",Small Businesses.
,Specialized Court,352,,['Mumbai'],4,"['Civil', 'Constitutional', 'Medical']","['Punjabi', 'Gujarati']",no,Kartik Wali,['Din-Rajagopal'],Large Corporations.
3.0,Specialized Court,123,111.0,['Delhi'],3,"['Consumer Protection', 'Human Rights', 'Media and Entertainment']","['Telugu', 'Marathi', 'Tamil']",yes,Kimaya Wable,['Aurora-Sastry'],Small Businesses.
1.0,Supreme Court,269,120.0,['Kolkata'],17,"['Human Rights', 'Immigration', 'Labor']","['Bengali', 'Marathi', 'Malayalam']",yes,Tanya Banik,"['Bhardwaj', 'Varma', 'Khatri']",Small Businesses.
3.0,District Court,382,90.0,['Kolkata'],17,"['Labor', 'Human Rights', 'Real Estate']","['Assamese', 'Telugu']",no,Anahita Krishna,['Bal Inc'],Small Businesses.
4.0,District Court,440,109.0,['Bangalore'],12,"['Human Rights', 'Consumer Protection', 'Constitutional']","['Telugu', 'Hindi', 'Malayalam']",no,Tara Kaul,['Sani Ltd'],Individuals.
3.0,Supreme Court,332,75.0,['Delhi'],28,"['Corporate', 'Human Rights', 'Labor']","['Telugu', 'Gujarati', 'Malayalam']",no,Anahi Bakshi,"['Tripathi', 'Dada', 'Luthra']",Small Businesses.
4.0,High Court,351,107.0,['Mumbai'],29,"['Tax', 'Media and Entertainment', 'Tax']","['Assamese', 'Gujarati']",no,Pranay Dutta,['Dhillon Ltd'],Small Businesses.
5.0,Specialized Court,107,106.0,['Bangalore'],14,"['Corporate', 'Criminal', 'Tax']","['Assamese', 'Marathi', 'Hindi']",yes,Sumer Kaur,['Malhotra Group'],Individuals.
1.0,Supreme Court,476,103.0,['Hyderabad'],21,"['Civil', 'Human Rights', 'Immigration']","['Marathi', 'Gujarati', 'Hindi']",yes,Jivin Korpal,"['Bala', 'Chatterjee', 'Keer']",Small Businesses.
5.0,Supreme Court,110,90.0,['Chennai'],6,"['Banking and Finance', 'Tax', 'Media and Entertainment']","['Telugu', 'Hindi', 'Tamil']",yes,Emir Kapadia,"['S', 'hu', 'Viswanathan', 'Ranganathan']",Small Businesses.
,District Court,399,,['Hyderabad'],3,"['Real Estate', 'Civil', 'Human Rights']","['Kannada', 'Hindi', 'Malayalam']",yes,Samaira Yadav,"['Venkatesh', 'Rao', 'Hegde']",Small Businesses.
3.0,Specialized Court,169,81.0,['Delhi'],28,"['Human Rights', 'Consumer Protection', 'Banking and Finance']","['Punjabi', 'Hindi', 'Urdu']",yes,Faiyaz Kalita,['Kamdar-Lal'],Small Businesses.
2.0,District Court,470,81.0,['Bangalore'],9,"['Constitutional', 'Tax', 'Civil']","['Assamese', 'Marathi', 'Urdu']",no,Shamik Yogi,['Atwal-Jain'],Small Businesses.
3.0,Supreme Court,374,76.0,['Kolkata'],5,"['Human Rights', 'Immigration', 'Media and Entertainment']","['Gujarati', 'Urdu']",no,Seher Sarma,['Hari-Apte'],Large Corporations.
5.0,High Court,389,92.0,['Bangalore'],24,"['Civil', 'Constitutional', 'Tax']","['Bengali', 'Gujarati', 'Malayalam']",yes,Kiaan Dutt,['Lall-Magar'],Small Businesses.
4.0,Specialized Court,149,84.0,['Chennai'],29,"['Immigration', 'Labor', 'Real Estate']","['Bengali', 'Punjabi', 'Malayalam']",yes,Vivaan Vora,['Taneja LLC'],Individuals.
4.0,Supreme Court,249,78.0,['Delhi'],17,"['Civil', 'Environmental', 'Criminal']","['Assamese', 'Hindi']",no,Kimaya Tara,['Sura-Boase'],Small Businesses.
3.0,Supreme Court,328,75.0,['Bangalore'],14,"['Media and Entertainment', 'Banking and Finance', 'Corporate']","['Bengali', 'Gujarati']",no,Ehsaan Chhabra,"['Shetty', 'Chaudhuri', 'Baral']",Large Corporations.
4.0,High Court,396,80.0,['Hyderabad'],21,"['Corporate', 'Civil', 'Immigration']","['Punjabi', 'Bengali', 'Marathi']",yes,Saksham Dubey,['Mani-Seth'],Individuals.
5.0,Supreme Court,97,107.0,['Mumbai'],3,"['Consumer Protection', 'Banking and Finance', 'Corporate']","['Kannada', 'Urdu', 'Malayalam']",no,Raghav Rege,"['Ch', 'a Group']",Individuals.
,Supreme Court,483,,['Hyderabad'],28,"['Family', 'Human Rights', 'Media and Entertainment']","['Kannada', 'Telugu', 'Malayalam']",no,Himmat Gala,['Das Ltd'],Small Businesses.
5.0,Specialized Court,451,83.0,['Delhi'],1,"['Intellectual Property', 'Medical', 'Consumer Protection']","['Kannada', 'Odia', 'Tamil']",yes,Yuvaan Tak,['Tak LLC'],Large Corporations.
2.0,Specialized Court,172,84.0,['Bangalore'],20,"['Family', 'Civil', 'Human Rights']","['Kannada', 'Gujarati', 'Punjabi']",yes,Ela Bakshi,['Bhakta PLC'],Small Businesses.
5.0,Specialized Court,420,96.0,['Hyderabad'],29,"['Corporate', 'Criminal', 'Environmental']","['Telugu', 'Bengali', 'Hindi']",no,Yasmin Ganesh,"['Shetty', 'Mani', 'Borra']",Large Corporations.
1.0,District Court,283,97.0,['Bangalore'],21,"['Intellectual Property', 'Medical', 'Civil']","['Hindi', 'Malayalam']",no,Damini Bhatti,['Grewal Group'],Large Corporations.
1.0,High Court,258,45.0,['Hyderabad'],23,"['Immigration', 'Real Estate', 'Consumer Protection']","['Assamese', 'Kannada']",yes,Anaya Sundaram,['Desai-Zachariah'],Small Businesses.
1.0,Specialized Court,191,106.0,['Delhi'],1,"['Media and Entertainment', 'Family', 'Labor']","['Punjabi', 'Kannada', 'Urdu']",no,Dhanuk Mann,"['Ramach', 'ran', 'Shetty', 'Kala']",Large Corporations.
3.0,District Court,311,112.0,['Kolkata'],3,"['Constitutional', 'Family', 'Medical']","['Marathi', 'Odia']",no,Diya Venkatesh,['Bakshi PLC'],Small Businesses.
3.0,District Court,378,75.0,['Hyderabad'],18,"['Labor', 'Family', 'Consumer Protection']","['Kannada', 'Assamese', 'Urdu']",no,Ishita Bhagat,['Shenoy Group'],Large Corporations.
3.0,High Court,235,76.0,['Mumbai'],25,"['Environmental', 'Real Estate', 'Intellectual Property']","['Kannada', 'Telugu', 'Tamil']",yes,Anya Ranganathan,"['Reddy-M', 'er']",Individuals.
,High Court,333,,['Hyderabad'],10,"['Corporate', 'Banking and Finance', 'Human Rights']","['Bengali', 'Malayalam']",no,Samarth Sami,"['Raja', 'Dewan', 'Bhalla']",Small Businesses.
3.0,Supreme Court,365,79.0,['Delhi'],22,"['Consumer Protection', 'Criminal', 'Tax']","['Telugu', 'Urdu', 'Tamil']",no,Mishti Handa,"['Kale', 'Chacko', 'Ch', 'ra']",Large Corporations.
2.0,District Court,370,94.0,['Hyderabad'],26,"['Tax', 'Medical', 'Criminal']","['Telugu', 'Urdu']",yes,Vidur Dani,"['Dhaliwal', 'Sons']",Individuals.
1.0,Specialized Court,73,61.0,['Mumbai'],3,"['Corporate', 'Real Estate', 'Media and Entertainment']","['Punjabi', 'Telugu', 'Gujarati']",yes,Gatik Ratti,"['Chaudhari', 'Goel', 'Iyer']",Individuals.
5.0,High Court,437,74.0,['Mumbai'],8,"['Corporate', 'Family', 'Civil']","['Marathi', 'Malayalam']",no,Samar Garde,['Seth-Grewal'],Individuals.
1.0,District Court,256,114.0,['Delhi'],14,"['Human Rights', 'Immigration', 'Medical']","['Assamese', 'Odia', 'Malayalam']",yes,Darshit Kant,['Subramanian LLC'],Individuals.
3.0,Specialized Court,168,77.0,['Bangalore'],24,"['Human Rights', 'Corporate', 'Corporate']","['Bengali', 'Odia', 'Malayalam']",yes,Kavya Garde,['Chakraborty-Barad'],Small Businesses.
5.0,District Court,159,109.0,['Hyderabad'],18,"['Intellectual Property', 'Medical', 'Immigration']","['Kannada', 'Gujarati', 'Odia']",no,Neysa Chadha,"['Chana', 'Kata', 'Cheema']",Large Corporations.
4.0,High Court,267,96.0,['Kolkata'],15,"['Medical', 'Consumer Protection', 'Media and Entertainment']","['Marathi', 'Hindi']",yes,Saanvi Deep,['Sha Group'],Individuals.
2.0,Supreme Court,449,63.0,['Mumbai'],22,"['Medical', 'Constitutional', 'Tax']","['Kannada', 'Assamese', 'Hindi']",no,Kartik Ramakrishnan,['Shankar-Soni'],Large Corporations.
,District Court,220,,['Mumbai'],23,"['Criminal', 'Real Estate', 'Real Estate']","['Kannada', 'Malayalam', 'Punjabi']",no,Sana Chauhan,['Wali Group'],Large Corporations.
3.0,Specialized Court,387,89.0,['Hyderabad'],2,"['Civil', 'Criminal', 'Tax']","['Assamese', 'Gujarati', 'Hindi']",yes,Taran Luthra,"['Srivastava', 'Sharaf', 'Basu']",Large Corporations.
2.0,High Court,94,84.0,['Bangalore'],27,"['Consumer Protection', 'Criminal', 'Immigration']","['Punjabi', 'Assamese', 'Gujarati']",no,Jivin Zacharia,"['Chauhan', 'Sons']",Small Businesses.
2.0,Supreme Court,264,94.0,['Hyderabad'],10,"['Criminal', 'Consumer Protection', 'Immigration']","['Telugu', 'Odia', 'Malayalam']",no,Kavya Jha,"['Srinivas', 'Wason', 'Loke']",Small Businesses.
4.0,Specialized Court,496,98.0,['Delhi'],2,"['Banking and Finance', 'Tax', 'Intellectual Property']","['Marathi', 'Tamil', 'Malayalam']",no,Damini Krishna,"['Chowdhury', 'Karpe', 'Tailor']",Individuals.
3.0,Specialized Court,397,101.0,['Kolkata'],26,"['Immigration', 'Corporate', 'Banking and Finance']","['Gujarati', 'Hindi']",no,Divit Borra,['Singh Group'],Large Corporations.
3.0,Specialized Court,145,108.0,['Hyderabad'],17,"['Medical', 'Medical', 'Tax']","['Punjabi', 'Marathi', 'Odia']",no,Piya Ranganathan,['Dar-Kulkarni'],Small Businesses.
1.0,District Court,276,97.0,['Mumbai'],8,"['Tax', 'Labor', 'Consumer Protection']","['Punjabi', 'Telugu', 'Assamese']",yes,Damini Badal,['Sehgal PLC'],Small Businesses.
5.0,High Court,155,70.0,['Mumbai'],1,"['Human Rights', 'Civil', 'Tax']","['Assamese', 'Telugu', 'Hindi']",yes,Aarav Mangat,['Kumer PLC'],Small Businesses.
5.0,Specialized Court,234,83.0,['Delhi'],9,"['Constitutional', 'Family', 'Human Rights']","['Bengali', 'Hindi']",no,Vanya Dara,"['An', '', 'Yohannan', 'Chacko']",Individuals.
,District Court,401,,['Bangalore'],11,"['Real Estate', 'Medical', 'Human Rights']","['Bengali', 'Marathi', 'Punjabi']",no,Jayant Gulati,"['Buch', 'Wali', 'Bail']",Small Businesses.
5.0,High Court,397,101.0,['Hyderabad'],22,"['Immigration', 'Human Rights', 'Environmental']","['Bengali', 'Marathi', 'Hindi']",yes,Nayantara Khanna,['Baria Group'],Large Corporations.
2.0,High Court,153,126.0,['Chennai'],16,"['Real Estate', 'Labor', 'Intellectual Property']","['Kannada', 'Odia']",no,Diya Dar,"['H', 'a', 'Karpe', 'R', 'hawa']",Small Businesses.
5.0,District Court,465,111.0,['Bangalore'],7,"['Consumer Protection', 'Tax', 'Media and Entertainment']","['Bengali', 'Urdu', 'Tamil']",no,Dhanush Edwin,"['Jani', 'Tak', 'Sharma']",Small Businesses.
5.0,District Court,317,94.0,['Mumbai'],29,"['Consumer Protection', 'Family', 'Constitutional']","['Telugu', 'Odia', 'Urdu']",no,Himmat Ramanathan,['Wason-Ghosh'],Individuals.
1.0,Specialized Court,221,95.0,['Hyderabad'],10,"['Banking and Finance', 'Corporate', 'Constitutional']","['Assamese', 'Kannada', 'Marathi']",yes,Rasha Ramakrishnan,['Datta PLC'],Large Corporations.
4.0,High Court,276,90.0,['Mumbai'],23,"['Real Estate', 'Environmental', 'Environmental']","['Odia', 'Urdu', 'Malayalam']",no,Renee Contractor,"['Datta', 'G', 'hi', 'Varma']",Small Businesses.
5.0,Supreme Court,322,64.0,['Kolkata'],26,"['Consumer Protection', 'Human Rights', 'Labor']","['Punjabi', 'Bengali', 'Tamil']",yes,Ayesha Halder,['Johal Inc'],Large Corporations.
5.0,District Court,302,91.0,['Bangalore'],3,"['Constitutional', 'Tax', 'Constitutional']","['Hindi', 'Odia']",no,Gatik Chaudry,"['Choudhary', 'Sons']",Large Corporations.
4.0,High Court,269,109.0,['Chennai'],18,"['Family', 'Banking and Finance', 'Human Rights']","['Punjabi', 'Gujarati', 'Malayalam']",no,Aarna Savant,['Char-Bala'],Small Businesses.
,High Court,277,,['Kolkata'],25,"['Criminal', 'Family', 'Environmental']","['Kannada', 'Tamil', 'Punjabi']",no,Nitya Golla,"['Madan', 'Sons']",Individuals.
4.0,Specialized Court,129,97.0,['Chennai'],24,"['Corporate', 'Corporate', 'Family']","['Bengali', 'Gujarati', 'Odia']",yes,Elakshi Wadhwa,['Brahmbhatt LLC'],Large Corporations.
1.0,Supreme Court,416,103.0,['Kolkata'],13,"['Media and Entertainment', 'Intellectual Property', 'Banking and Finance']","['Bengali', 'Gujarati', 'Urdu']",no,Oorja Ram,['Kadakia-Golla'],Small Businesses.
2.0,Specialized Court,294,77.0,['Bangalore'],28,"['Labor', 'Labor', 'Banking and Finance']","['Kannada', 'Odia']",no,Madhup Gole,"['Jayaraman', 'Batta', 'Sidhu']",Large Corporations.
1.0,Supreme Court,109,84.0,['Mumbai'],26,"['Real Estate', 'Labor', 'Consumer Protection']","['Telugu', 'Marathi']",no,Drishya Bajaj,['Anne PLC'],Large Corporations.
2.0,Supreme Court,395,75.0,['Chennai'],7,"['Tax', 'Civil', 'Tax']","['Punjabi', 'Gujarati', 'Hindi']",yes,Anay Wagle,['Gupta-Dugal'],Large Corporations.
2.0,District Court,470,78.0,['Bangalore'],25,"['Immigration', 'Consumer Protection', 'Consumer Protection']","['Marathi', 'Odia', 'Malayalam']",no,Onkar Samra,"['Shankar', 'Ravi', 'Keer']",Small Businesses.
1.0,High Court,476,71.0,['Chennai'],4,"['Family', 'Corporate', 'Environmental']","['Punjabi', 'Hindi', 'Tamil']",yes,Dhruv Sengupta,"['Kade', 'Raj', 'Yadav']",Large Corporations.
3.0,High Court,216,77.0,['Bangalore'],13,"['Media and Entertainment', 'Real Estate', 'Medical']","['Bengali', 'Malayalam', 'Punjabi']",no,Mahika Agrawal,"['Acharya', 'Dubey', 'Upadhyay']",Large Corporations.
1.0,High Court,111,112.0,['Kolkata'],20,"['Real Estate', 'Intellectual Property', 'Media and Entertainment']","['Bengali', 'Kannada', 'Tamil']",no,Samar Bail,"['M', 'al', 'Kade', 'Guha']",Individuals.
,Supreme Court,283,,['Bangalore'],1,"['Family', 'Environmental', 'Criminal']","['Gujarati', 'Marathi', 'Urdu']",no,Keya Chokshi,"['Ahluwalia', 'Koshy', 'Agarwal']",Small Businesses.
5.0,High Court,101,92.0,['Kolkata'],8,"['Medical', 'Immigration', 'Tax']","['Kannada', 'Assamese', 'Gujarati']",no,Jivin Kar,"['Deshp', 'e Inc']",Small Businesses.
3.0,District Court,470,83.0,['Mumbai'],14,"['Family', 'Family', 'Family']","['Gujarati', 'Urdu', 'Tamil']",no,Pari Sankar,['Lal LLC'],Large Corporations.
2.0,Supreme Court,133,108.0,['Kolkata'],16,"['Real Estate', 'Human Rights', 'Family']","['Assamese', 'Marathi', 'Odia']",no,Hansh Khalsa,['Mann Ltd'],Individuals.
3.0,Supreme Court,164,110.0,['Delhi'],14,"['Intellectual Property', 'Intellectual Property', 'Consumer Protection']","['Assamese', 'Odia', 'Malayalam']",no,Samarth Bhatt,['Sami Ltd'],Large Corporations.
5.0,Supreme Court,233,103.0,['Mumbai'],12,"['Civil', 'Corporate', 'Corporate']","['Telugu', 'Bengali', 'Urdu']",yes,Ehsaan Sodhi,['Toor Inc'],Large Corporations.
3.0,Supreme Court,222,95.0,['Hyderabad'],19,"['Tax', 'Media and Entertainment', 'Tax']","['Punjabi', 'Assamese', 'Marathi']",no,Riya Dutt,['Gara-Balasubramanian'],Small Businesses.
1.0,District Court,408,87.0,['Hyderabad'],23,"['Corporate', 'Banking and Finance', 'Civil']","['Bengali', 'Odia', 'Urdu']",no,Kiara Mannan,['Deo PLC'],Individuals.
3.0,High Court,255,73.0,['Bangalore'],15,"['Corporate', 'Constitutional', 'Family']","['Telugu', 'Hindi', 'Urdu']",no,Hazel Mandal,"['Verma', 'Vig', 'Hora']",Large Corporations.
2.0,District Court,127,120.0,['Bangalore'],28,"['Tax', 'Family', 'Banking and Finance']","['Assamese', 'Kannada', 'Marathi']",no,Dhruv Yadav,"['Lad', 'Ramakrishnan', 'Wable']",Small Businesses.
,High Court,170,,['Delhi'],2,"['Intellectual Property', 'Criminal', 'Media and Entertainment']","['Telugu', 'Gujarati', 'Malayalam']",no,Sahil Hans,"['Ramach', 'ran', 'Basak', 'Jaggi']",Large Corporations.
4.0,District Court,279,100.0,['Bangalore'],2,"['Human Rights', 'Labor', 'Criminal']","['Punjabi', 'Marathi']",yes,Romil Dyal,['Sane Inc'],Large Corporations.
5.0,Specialized Court,116,106.0,['Mumbai'],23,"['Consumer Protection', 'Banking and Finance', 'Media and Entertainment']","['Telugu', 'Punjabi']",no,Umang Dhar,"['Dugar', 'Shukla', 'Sule']",Individuals.
5.0,Specialized Court,325,82.0,['Mumbai'],22,"['Corporate', 'Consumer Protection', 'Banking and Finance']","['Telugu', 'Hindi', 'Tamil']",no,Ishaan Doctor,"['Madan', 'Dugar', 'Tara']",Individuals.
3.0,Specialized Court,305,106.0,['Kolkata'],19,"['Human Rights', 'Corporate', 'Intellectual Property']","['Assamese', 'Gujarati', 'Tamil']",yes,Purab Trivedi,['Dass Group'],Individuals.
1.0,Specialized Court,372,102.0,['Chennai'],25,"['Family', 'Environmental', 'Labor']","['Punjabi', 'Gujarati']",yes,Stuvan Cheema,"['Sarraf', 'Sons']",Large Corporations.
4.0,Supreme Court,472,116.0,['Bangalore'],26,"['Constitutional', 'Criminal', 'Medical']","['Punjabi', 'Odia', 'Tamil']",yes,Vanya Sahota,"['Mallick', 'Toor', 'Kant']",Individuals.
1.0,Supreme Court,461,83.0,['Delhi'],29,"['Immigration', 'Civil', 'Corporate']","['Punjabi', 'Kannada', 'Assamese']",no,Vedika Singhal,"['Krishnan', 'Goel', 'Mani']",Small Businesses.
5.0,District Court,476,71.0,['Hyderabad'],22,"['Medical', 'Human Rights', 'Intellectual Property']","['Punjabi', 'Gujarati', 'Odia']",yes,Tarini Gera,['Bhakta-Dash'],Large Corporations.
1.0,District Court,160,83.0,['Mumbai'],26,"['Criminal', 'Medical', 'Corporate']","['Assamese', 'Telugu', 'Hindi']",yes,Riya Borra,"['H', 'a', 'M', 'al', 'Virk']",Individuals.
,Specialized Court,109,,['Mumbai'],26,"['Corporate', 'Tax', 'Banking and Finance']","['Kannada', 'Gujarati', 'Punjabi']",no,Ritvik Ghosh,['Garde-Balasubramanian'],Large Corporations.
3.0,High Court,186,91.0,['Mumbai'],22,"['Tax', 'Immigration', 'Human Rights']","['Telugu', 'Odia', 'Tamil']",no,Shaan Mane,['Ganesan Ltd'],Large Corporations.
2.0,Specialized Court,453,85.0,['Chennai'],17,"['Constitutional', 'Immigration', 'Criminal']","['Kannada', 'Gujarati', 'Odia']",no,Akarsh Goda,"['Karpe', 'M', 'al', 'Choudhary']",Small Businesses.
1.0,District Court,487,62.0,['Chennai'],20,"['Real Estate', 'Banking and Finance', 'Banking and Finance']","['Assamese', 'Kannada']",yes,Rasha Banik,"['Hayre', 'Chada', 'Bhargava']",Small Businesses.
2.0,Specialized Court,437,98.0,['Bangalore'],10,"['Media and Entertainment', 'Criminal', 'Human Rights']","['Telugu', 'Punjabi']",yes,Rasha Choudhary,"['Ch', 'LLC']",Small Businesses.
5.0,District Court,100,120.0,['Hyderabad'],6,"['Banking and Finance', 'Medical', 'Media and Entertainment']","['Telugu', 'Kannada', 'Odia']",yes,Sumer Goel,"['R', 'hawa Inc']",Large Corporations.
3.0,Specialized Court,476,97.0,['Delhi'],15,"['Civil', 'Medical', 'Consumer Protection']","['Punjabi', 'Assamese']",yes,Saksham Kumer,"['Bakshi', 'Maharaj', 'Aurora']",Large Corporations.
3.0,High Court,241,100.0,['Chennai'],22,"['Tax', 'Labor', 'Immigration']","['Kannada', 'Marathi', 'Odia']",no,Vivaan Desai,['Kumar-Arya'],Small Businesses.
1.0,Specialized Court,54,99.0,['Kolkata'],11,"['Consumer Protection', 'Civil', 'Tax']","['Bengali', 'Urdu']",yes,Madhav Rau,"['M', 'a-Keer']",Large Corporations.
3.0,High Court,249,96.0,['Chennai'],28,"['Banking and Finance', 'Constitutional', 'Banking and Finance']","['Assamese', 'Marathi']",no,Advik Shukla,['Karan-Ramakrishnan'],Small Businesses.
,High Court,71,,['Mumbai'],5,"['Banking and Finance', 'Labor', 'Human Rights']","['Punjabi', 'Odia', 'Urdu']",no,Anahita Sankar,"['Sangha', 'Sons']",Small Businesses.
1.0,District Court,295,96.0,['Delhi'],1,"['Family', 'Intellectual Property', 'Environmental']","['Telugu', 'Bengali', 'Assamese']",yes,Tiya Bassi,"['M', 'a-Malhotra']",Individuals.
2.0,High Court,202,86.0,['Bangalore'],8,"['Civil', 'Consumer Protection', 'Real Estate']","['Assamese', 'Kannada', 'Odia']",yes,Shamik Chahal,['Tiwari PLC'],Small Businesses.
3.0,Supreme Court,263,79.0,['Chennai'],21,"['Immigration', 'Immigration', 'Civil']","['Punjabi', 'Odia']",no,Chirag Choudhury,['Contractor LLC'],Individuals.
1.0,Supreme Court,326,87.0,['Mumbai'],28,"['Immigration', 'Intellectual Property', 'Intellectual Property']","['Punjabi', 'Gujarati']",yes,Nitya Shenoy,"['Dewan', 'Wable', 'Ch', 'ra']",Small Businesses.
2.0,Supreme Court,441,95.0,['Kolkata'],12,"['Intellectual Property', 'Environmental', 'Tax']","['Kannada', 'Gujarati', 'Odia']",no,Raghav Rajagopalan,['Ravi LLC'],Large Corporations.
4.0,District Court,348,86.0,['Kolkata'],12,"['Human Rights', 'Family', 'Civil']","['Punjabi', 'Gujarati']",no,Armaan Datta,['Chowdhury-Zacharia'],Individuals.
2.0,Supreme Court,245,95.0,['Bangalore'],5,"['Labor', 'Real Estate', 'Immigration']","['Telugu', 'Tamil', 'Malayalam']",no,Prerak Baria,"['G', 'hi Group']",Large Corporations.
2.0,District Court,419,97.0,['Bangalore'],7,"['Banking and Finance', 'Corporate', 'Medical']","['Telugu', 'Punjabi', 'Malayalam']",no,Hridaan Vora,['Krishna-Raval'],Large Corporations.
1.0,District Court,458,103.0,['Chennai'],4,"['Intellectual Property', 'Human Rights', 'Medical']","['Bengali', 'Assamese', 'Marathi']",yes,Mamooty Bhatnagar,['Ratti LLC'],Small Businesses.
,Supreme Court,104,,['Bangalore'],6,"['Consumer Protection', 'Civil', 'Real Estate']","['Telugu', 'Marathi', 'Hindi']",yes,Zaina Sen,"['Johal', 'Srinivasan', 'Srinivas']",Small Businesses.
5.0,High Court,289,92.0,['Hyderabad'],13,"['Human Rights', 'Labor', 'Media and Entertainment']","['Telugu', 'Marathi', 'Malayalam']",no,Damini Yohannan,['Bahri LLC'],Large Corporations.
5.0,Specialized Court,178,71.0,['Hyderabad'],20,"['Medical', 'Immigration', 'Civil']","['Gujarati', 'Urdu', 'Malayalam']",no,Hansh Sami,['Chadha-Buch'],Small Businesses.
2.0,District Court,71,85.0,['Mumbai'],15,"['Banking and Finance', 'Intellectual Property', 'Civil']","['Kannada', 'Urdu', 'Malayalam']",yes,Yuvaan Bakshi,['Sarma-Suri'],Small Businesses.
1.0,Supreme Court,351,91.0,['Mumbai'],3,"['Constitutional', 'Tax', 'Intellectual Property']","['Kannada', 'Urdu', 'Malayalam']",yes,Reyansh Shukla,['Suri-Barman'],Small Businesses.
3.0,District Court,438,63.0,['Mumbai'],23,"['Civil', 'Banking and Finance', 'Constitutional']","['Gujarati', 'Tamil']",no,Anika Balay,"['Savant', 'Andra', 'Swaminathan']",Large Corporations.
2.0,High Court,123,111.0,['Hyderabad'],8,"['Labor', 'Consumer Protection', 'Real Estate']","['Tamil', 'Urdu', 'Malayalam']",yes,Alia Uppal,"['Bassi', 'Sons']",Individuals.
2.0,High Court,416,93.0,['Chennai'],20,"['Real Estate', 'Consumer Protection', 'Tax']","['Kannada', 'Bengali', 'Telugu']",yes,Armaan Seshadri,"['R', 'hawa Inc']",Individuals.
1.0,Supreme Court,434,96.0,['Chennai'],16,"['Family', 'Family', 'Immigration']","['Gujarati', 'Hindi']",yes,Hazel Bhatti,['Dhawan-Loke'],Large Corporations.
4.0,District Court,461,111.0,['Bangalore'],13,"['Civil', 'Media and Entertainment', 'Real Estate']","['Assamese', 'Tamil', 'Punjabi']",no,Baiju Chauhan,['Wable-Jaggi'],Small Businesses.
,Specialized Court,169,,['Chennai'],18,"['Intellectual Property', 'Corporate', 'Consumer Protection']","['Marathi', 'Odia']",no,Jayant Goda,"['Soman-Ch', 'er']",Small Businesses.
4.0,Specialized Court,457,99.0,['Mumbai'],28,"['Criminal', 'Corporate', 'Criminal']","['Telugu', 'Assamese', 'Marathi']",no,Nayantara Sarna,"['Sastry', 'Dash', 'Raj']",Individuals.
4.0,District Court,194,89.0,['Delhi'],10,"['Environmental', 'Consumer Protection', 'Consumer Protection']","['Kannada', 'Urdu', 'Malayalam']",no,Indranil Balakrishnan,"['Iyer', 'Ahluwalia', 'Kadakia']",Large Corporations.
5.0,District Court,299,88.0,['Mumbai'],19,"['Labor', 'Consumer Protection', 'Constitutional']","['Bengali', 'Assamese', 'Marathi']",no,Tanya Bhargava,"['Zachariah', 'Sons']",Large Corporations.
1.0,District Court,73,79.0,['Hyderabad'],17,"['Labor', 'Medical', 'Criminal']","['Punjabi', 'Gujarati', 'Malayalam']",yes,Farhan Balasubramanian,"['Thaman', 'Banik', 'Rege']",Small Businesses.
4.0,Supreme Court,70,115.0,['Delhi'],24,"['Consumer Protection', 'Labor', 'Immigration']","['Marathi', 'Hindi']",yes,Divij Varughese,"['Master', 'Vig', 'Dhawan']",Small Businesses.
1.0,High Court,374,85.0,['Bangalore'],19,"['Family', 'Medical', 'Medical']","['Kannada', 'Hindi', 'Urdu']",yes,Khushi Wable,"['Gill', 'Sachdev', 'Gara']",Small Businesses.
5.0,Specialized Court,250,101.0,['Kolkata'],28,"['Corporate', 'Civil', 'Intellectual Property']","['Marathi', 'Gujarati', 'Hindi']",no,Ojas Banerjee,['Dash-Buch'],Large Corporations.
1.0,Supreme Court,165,62.0,['Chennai'],26,"['Immigration', 'Constitutional', 'Intellectual Property']","['Gujarati', 'Odia', 'Tamil']",yes,Mishti Rege,"['Bains', 'Lanka', 'Bhatti']",Individuals.
2.0,District Court,136,108.0,['Chennai'],23,"['Immigration', 'Environmental', 'Human Rights']","['Kannada', 'Gujarati', 'Malayalam']",no,Madhav Sarraf,['Manne PLC'],Large Corporations.
,District Court,351,,['Hyderabad'],26,"['Medical', 'Media and Entertainment', 'Immigration']","['Assamese', 'Odia', 'Malayalam']",no,Indranil Chanda,['Ray Ltd'],Large Corporations.
1.0,High Court,50,92.0,['Mumbai'],5,"['Criminal', 'Media and Entertainment', 'Media and Entertainment']","['Bengali', 'Kannada', 'Malayalam']",no,Vivaan Arora,"['Kapoor', 'Saxena', 'B', 'i']",Large Corporations.
3.0,District Court,413,87.0,['Mumbai'],26,"['Constitutional', 'Tax', 'Corporate']","['Punjabi', 'Malayalam']",no,Samaira Vyas,['Kadakia-Mann'],Individuals.
1.0,Supreme Court,86,97.0,['Delhi'],21,"['Consumer Protection', 'Environmental', 'Medical']","['Bengali', 'Assamese', 'Odia']",no,Ritvik Samra,"['Cherian', 'Srinivas', 'Sachar']",Small Businesses.
4.0,Supreme Court,136,125.0,['Chennai'],23,"['Constitutional', 'Labor', 'Immigration']","['Hindi', 'Urdu', 'Malayalam']",no,Adira Keer,['Vala-Andra'],Small Businesses.
5.0,High Court,224,64.0,['Hyderabad'],9,"['Real Estate', 'Intellectual Property', 'Consumer Protection']","['Kannada', 'Marathi']",yes,Yasmin Tata,['Gala-Apte'],Large Corporations.
5.0,Supreme Court,268,102.0,['Bangalore'],12,"['Human Rights', 'Real Estate', 'Constitutional']","['Marathi', 'Malayalam']",no,Darshit Kakar,['Yohannan-Dayal'],Large Corporations.
4.0,Specialized Court,210,77.0,['Mumbai'],21,"['Civil', 'Consumer Protection', 'Banking and Finance']","['Telugu', 'Odia', 'Tamil']",yes,Tejas Bath,['Barad-Sastry'],Individuals.
2.0,Supreme Court,194,90.0,['Chennai'],1,"['Medical', 'Criminal', 'Family']","['Gujarati', 'Urdu', 'Tamil']",no,Vedika Bedi,['Srinivas-Singh'],Individuals.
2.0,Supreme Court,484,87.0,['Kolkata'],26,"['Medical', 'Constitutional', 'Media and Entertainment']","['Telugu', 'Assamese', 'Hindi']",yes,Fateh Kara,['Sarna Ltd'],Small Businesses.
,Supreme Court,339,,['Hyderabad'],26,"['Environmental', 'Civil', 'Intellectual Property']","['Punjabi', 'Odia', 'Urdu']",no,Umang Saxena,['Tank Group'],Large Corporations.
5.0,Specialized Court,61,90.0,['Delhi'],1,"['Tax', 'Family', 'Labor']","['Telugu', 'Kannada']",no,Jiya Bhakta,['Kar Inc'],Individuals.
4.0,District Court,244,73.0,['Mumbai'],15,"['Corporate', 'Constitutional', 'Constitutional']","['Bengali', 'Urdu', 'Tamil']",yes,Drishya Barman,['Devan-Rana'],Individuals.
2.0,Supreme Court,444,106.0,['Mumbai'],2,"['Intellectual Property', 'Consumer Protection', 'Banking and Finance']","['Telugu', 'Bengali', 'Assamese']",no,Jayant Basu,['Gopal-Soni'],Large Corporations.
5.0,High Court,186,64.0,['Bangalore'],22,"['Banking and Finance', 'Immigration', 'Environmental']","['Kannada', 'Odia', 'Urdu']",no,Chirag Tella,['Kannan PLC'],Large Corporations.
2.0,Specialized Court,93,99.0,['Mumbai'],16,"['Media and Entertainment', 'Civil', 'Constitutional']","['Assamese', 'Malayalam']",yes,Vihaan Chander,['Thaman Inc'],Large Corporations.
5.0,High Court,391,86.0,['Hyderabad'],25,"['Tax', 'Real Estate', 'Constitutional']","['Punjabi', 'Hindi', 'Odia']",yes,Manikya Dani,"['Gour', 'Kar', 'Tailor']",Large Corporations.
1.0,Supreme Court,323,73.0,['Chennai'],8,"['Human Rights', 'Immigration', 'Medical']","['Gujarati', 'Odia', 'Tamil']",no,Madhav Hari,"['Comar', 'Aurora', 'Agate']",Large Corporations.
3.0,High Court,307,94.0,['Chennai'],13,"['Tax', 'Constitutional', 'Human Rights']","['Odia', 'Urdu']",yes,Divit Kulkarni,"['Sinha', 'Bedi', 'Raja']",Large Corporations.
1.0,Supreme Court,74,67.0,['Chennai'],21,"['Consumer Protection', 'Criminal', 'Civil']","['Telugu', 'Assamese']",yes,Kavya Saran,['Kalita PLC'],Individuals.
,Specialized Court,113,,['Kolkata'],1,"['Banking and Finance', 'Criminal', 'Constitutional']","['Assamese', 'Telugu', 'Urdu']",no,Ritvik Chaudhary,['Hora-Sem'],Large Corporations.
3.0,High Court,330,69.0,['Kolkata'],16,"['Labor', 'Medical', 'Human Rights']","['Kannada', 'Gujarati', 'Odia']",yes,Vanya Dass,['Chaudhry Group'],Small Businesses.
3.0,High Court,144,97.0,['Mumbai'],29,"['Criminal', 'Real Estate', 'Intellectual Property']","['Telugu', 'Gujarati', 'Urdu']",no,Urvi Amble,['Dixit Ltd'],Large Corporations.
5.0,Supreme Court,277,77.0,['Kolkata'],7,"['Immigration', 'Corporate', 'Family']","['Tamil', 'Gujarati', 'Urdu']",yes,Miraan Bajaj,"['Taneja', 'Sanghvi', 'Sanghvi']",Small Businesses.
5.0,Supreme Court,295,84.0,['Kolkata'],5,"['Real Estate', 'Human Rights', 'Family']","['Bengali', 'Gujarati']",no,Mamooty Kuruvilla,['Gill-Dixit'],Small Businesses.
2.0,District Court,178,95.0,['Bangalore'],22,"['Constitutional', 'Tax', 'Constitutional']","['Assamese', 'Gujarati', 'Punjabi']",no,Shanaya Ahluwalia,"['Lad', 'Bera', 'Chakrabarti']",Small Businesses.
5.0,Supreme Court,477,79.0,['Kolkata'],29,"['Environmental', 'Consumer Protection', 'Environmental']","['Kannada', 'Hindi']",no,Ehsaan Saraf,"['Hari-M', 'al']",Large Corporations.
4.0,Supreme Court,429,90.0,['Delhi'],23,"['Consumer Protection', 'Family', 'Criminal']","['Telugu', 'Hindi', 'Malayalam']",yes,Armaan Bhasin,"['Badami', 'Lalla', 'Kunda']",Large Corporations.
5.0,District Court,375,68.0,['Delhi'],3,"['Criminal', 'Consumer Protection', 'Intellectual Property']","['Punjabi', 'Marathi', 'Odia']",no,Priyansh Kapoor,['Banik Ltd'],Small Businesses.
4.0,Supreme Court,85,100.0,['Delhi'],12,"['Labor', 'Corporate', 'Human Rights']","['Marathi', 'Urdu', 'Hindi']",yes,Trisha Raval,['Dash-Babu'],Large Corporations.
,Supreme Court,98,,['Mumbai'],26,"['Media and Entertainment', 'Environmental', 'Media and Entertainment']","['Kannada', 'Tamil', 'Urdu']",no,Parinaaz Yogi,['Dada-Gera'],Individuals.
2.0,District Court,272,132.0,['Chennai'],16,"['Intellectual Property', 'Medical', 'Intellectual Property']","['Punjabi', 'Telugu', 'Tamil']",no,Anahi Zacharia,['Chadha PLC'],Individuals.
4.0,Specialized Court,122,92.0,['Bangalore'],19,"['Real Estate', 'Medical', 'Media and Entertainment']","['Assamese', 'Gujarati', 'Hindi']",no,Purab Samra,['Bassi PLC'],Individuals.
1.0,Specialized Court,490,102.0,['Mumbai'],5,"['Consumer Protection', 'Environmental', 'Environmental']","['Punjabi', 'Bengali', 'Assamese']",yes,Aaina Kaul,['Amble Ltd'],Individuals.
4.0,Supreme Court,121,64.0,['Chennai'],22,"['Labor', 'Banking and Finance', 'Real Estate']","['Punjabi', 'Gujarati', 'Hindi']",no,Ayesha Rao,['Sant-Lall'],Large Corporations.
2.0,Supreme Court,269,113.0,['Bangalore'],25,"['Environmental', 'Environmental', 'Consumer Protection']","['Bengali', 'Tamil', 'Malayalam']",no,Mannat Rout,['Kar-Sarin'],Small Businesses.
4.0,District Court,214,102.0,['Bangalore'],29,"['Immigration', 'Criminal', 'Environmental']","['Gujarati', 'Hindi', 'Malayalam']",yes,Oorja Kale,['Chada-Das'],Large Corporations.
5.0,District Court,338,83.0,['Bangalore'],14,"['Medical', 'Criminal', 'Human Rights']","['Punjabi', 'Telugu', 'Marathi']",no,Suhana Chada,['Banik LLC'],Individuals.
5.0,Specialized Court,108,109.0,['Delhi'],28,"['Immigration', 'Intellectual Property', 'Medical']","['Assamese', 'Kannada', 'Urdu']",no,Azad Shah,['Bains PLC'],Large Corporations.
2.0,High Court,244,87.0,['Delhi'],5,"['Consumer Protection', 'Media and Entertainment', 'Environmental']","['Bengali', 'Hindi', 'Odia']",yes,Vanya Maharaj,"['Ghosh', 'Gara', 'Krishna']",Large Corporations.
,Supreme Court,174,,['Delhi'],15,"['Immigration', 'Immigration', 'Media and Entertainment']","['Kannada', 'Urdu', 'Punjabi']",yes,Jivika Sangha,"['H', 'a', 'Kaur', 'Behl']",Individuals.
5.0,High Court,449,98.0,['Bangalore'],17,"['Criminal', 'Constitutional', 'Human Rights']","['Punjabi', 'Bengali', 'Gujarati']",yes,Prerak Sami,['Gola Group'],Small Businesses.
1.0,High Court,68,75.0,['Hyderabad'],14,"['Criminal', 'Family', 'Tax']","['Bengali', 'Marathi', 'Gujarati']",no,Romil Banik,['Kade-Choudhry'],Large Corporations.
2.0,District Court,461,106.0,['Bangalore'],20,"['Constitutional', 'Media and Entertainment', 'Corporate']","['Kannada', 'Urdu']",yes,Badal Ravel,"['Kari-Deshp', 'e']",Large Corporations.
4.0,Supreme Court,425,75.0,['Delhi'],5,"['Consumer Protection', 'Real Estate', 'Human Rights']","['Odia', 'Malayalam']",no,Ishaan Ratta,"['Ganesh', 'Mahal', 'Gill']",Individuals.
4.0,Supreme Court,184,75.0,['Bangalore'],12,"['Constitutional', 'Constitutional', 'Environmental']","['Kannada', 'Tamil', 'Urdu']",no,Kiaan Bansal,"['Jani', 'Bora', 'Garde']",Small Businesses.
1.0,District Court,405,77.0,['Delhi'],16,"['Consumer Protection', 'Consumer Protection', 'Corporate']","['Kannada', 'Hindi', 'Urdu']",yes,Tanya Jayaraman,['Sawhney-Shanker'],Individuals.
5.0,High Court,64,102.0,['Delhi'],26,"['Medical', 'Intellectual Property', 'Medical']","['Assamese', 'Tamil', 'Punjabi']",yes,Prerak Kakar,"['Sule', 'Gaba', 'Ghose']",Individuals.
2.0,District Court,485,81.0,['Delhi'],26,"['Medical', 'Criminal', 'Medical']","['Bengali', 'Gujarati', 'Odia']",no,Manjari Zacharia,['Brahmbhatt-Raval'],Large Corporations.
1.0,Specialized Court,287,70.0,['Hyderabad'],16,"['Intellectual Property', 'Medical', 'Media and Entertainment']","['Marathi', 'Urdu', 'Hindi']",yes,Eshani Rege,"['Saha', 'Bhagat', 'Dhillon']",Small Businesses.
,Supreme Court,186,,['Chennai'],21,"['Consumer Protection', 'Real Estate', 'Human Rights']","['Assamese', 'Bengali']",no,Neelofar Din,['Virk-Bala'],Individuals.
2.0,Specialized Court,213,90.0,['Bangalore'],7,"['Environmental', 'Criminal', 'Human Rights']","['Punjabi', 'Gujarati', 'Odia']",no,Heer Dube,"['Shere', 'M', 'al', 'Banik']",Large Corporations.
4.0,District Court,80,73.0,['Mumbai'],4,"['Human Rights', 'Human Rights', 'Criminal']","['Gujarati', 'Hindi', 'Tamil']",yes,Anya Divan,"['Chhabra', 'Sons']",Individuals.
2.0,Supreme Court,495,73.0,['Delhi'],1,"['Real Estate', 'Family', 'Corporate']","['Telugu', 'Hindi', 'Odia']",yes,Ahana  Deshmukh,['Dalal-Rao'],Large Corporations.
3.0,Specialized Court,68,122.0,['Hyderabad'],5,"['Family', 'Immigration', 'Real Estate']","['Kannada', 'Bengali', 'Gujarati']",yes,Baiju Upadhyay,['Sheth Ltd'],Small Businesses.
2.0,Specialized Court,345,78.0,['Mumbai'],23,"['Banking and Finance', 'Banking and Finance', 'Environmental']","['Kannada', 'Hindi', 'Urdu']",no,Yuvaan Gade,"['Savant', 'Deol', 'Khosla']",Individuals.
3.0,High Court,249,86.0,['Chennai'],26,"['Family', 'Constitutional', 'Environmental']","['Kannada', 'Gujarati', 'Hindi']",yes,Bhavin Dora,"['Iyengar', 'Chaudhari', 'Sodhi']",Small Businesses.
2.0,Supreme Court,477,85.0,['Bangalore'],10,"['Labor', 'Constitutional', 'Immigration']","['Kannada', 'Odia', 'Malayalam']",yes,Chirag Hayer,['Hayre Group'],Small Businesses.
3.0,Specialized Court,161,84.0,['Hyderabad'],22,"['Medical', 'Environmental', 'Corporate']","['Marathi', 'Urdu', 'Malayalam']",no,Divij Thakur,['Kothari-Chahal'],Large Corporations.
4.0,Specialized Court,289,100.0,['Delhi'],5,"['Immigration', 'Corporate', 'Intellectual Property']","['Kannada', 'Telugu', 'Assamese']",no,Lakshay Sekhon,"['Sibal', 'Sons']",Individuals.
,High Court,267,,['Delhi'],4,"['Real Estate', 'Environmental', 'Environmental']","['Punjabi', 'Marathi', 'Tamil']",no,Advika Wable,['Sharaf-Sura'],Individuals.
3.0,Specialized Court,366,86.0,['Delhi'],2,"['Tax', 'Human Rights', 'Banking and Finance']","['Marathi', 'Gujarati', 'Urdu']",no,Farhan Sarna,['Gaba-Tank'],Large Corporations.
3.0,Specialized Court,81,72.0,['Hyderabad'],20,"['Human Rights', 'Real Estate', 'Medical']","['Punjabi', 'Gujarati', 'Urdu']",yes,Hazel Chana,"['Dutt', 'Ranganathan', 'Date']",Large Corporations.
4.0,Specialized Court,137,110.0,['Mumbai'],10,"['Criminal', 'Tax', 'Consumer Protection']","['Punjabi', 'Hindi']",no,Riya Sarin,['Sagar-Desai'],Small Businesses.
3.0,High Court,147,89.0,['Chennai'],26,"['Civil', 'Environmental', 'Media and Entertainment']","['Kannada', 'Marathi', 'Tamil']",no,Vaibhav Andra,['Kashyap LLC'],Individuals.
1.0,Specialized Court,382,116.0,['Bangalore'],19,"['Corporate', 'Banking and Finance', 'Immigration']","['Marathi', 'Odia']",yes,Suhana Chaudhuri,['Subramaniam LLC'],Individuals.
4.0,Specialized Court,135,57.0,['Chennai'],26,"['Intellectual Property', 'Intellectual Property', 'Corporate']","['Assamese', 'Marathi', 'Tamil']",no,Jhanvi Wason,"['Raju', 'Kala', 'Kala']",Large Corporations.
1.0,Supreme Court,308,93.0,['Delhi'],1,"['Immigration', 'Environmental', 'Intellectual Property']","['Bengali', 'Telugu']",no,Dharmajan Apte,"['Banerjee', 'Mani', 'Saran']",Large Corporations.
4.0,Supreme Court,147,119.0,['Chennai'],24,"['Immigration', 'Media and Entertainment', 'Intellectual Property']","['Marathi', 'Hindi', 'Malayalam']",yes,Khushi Thakkar,"['Wali', 'Sons']",Large Corporations.
3.0,High Court,438,85.0,['Mumbai'],5,"['Environmental', 'Environmental', 'Medical']","['Bengali', 'Gujarati', 'Odia']",no,Mannat Loyal,"['Majumdar', 'Virk', 'Sabharwal']",Individuals.
,District Court,474,,['Kolkata'],13,"['Immigration', 'Tax', 'Banking and Finance']","['Punjabi', 'Telugu']",no,Vritika Gill,['Sachdev-Dutt'],Individuals.
3.0,Supreme Court,283,95.0,['Kolkata'],4,"['Criminal', 'Corporate', 'Constitutional']","['Telugu', 'Marathi', 'Hindi']",yes,Farhan Bajaj,['Goswami-Kurian'],Small Businesses.
4.0,High Court,209,82.0,['Bangalore'],16,"['Criminal', 'Family', 'Family']","['Bengali', 'Kannada', 'Gujarati']",yes,Amani Yohannan,"['Kalla', 'Tella', 'Dass']",Large Corporations.
3.0,Specialized Court,155,86.0,['Bangalore'],24,"['Corporate', 'Intellectual Property', 'Criminal']","['Kannada', 'Marathi', 'Urdu']",yes,Saanvi Garg,"['Gaba', 'Karnik', 'Singh']",Small Businesses.
1.0,Specialized Court,72,85.0,['Chennai'],16,"['Banking and Finance', 'Environmental', 'Media and Entertainment']","['Urdu', 'Tamil', 'Malayalam']",yes,Raghav Shanker,['Ratta-Chaudhari'],Individuals.
1.0,High Court,171,81.0,['Bangalore'],23,"['Consumer Protection', 'Human Rights', 'Real Estate']","['Bengali', 'Kannada', 'Gujarati']",yes,Abram Thaker,"['Issac', 'Yogi', 'Grewal']",Small Businesses.
3.0,Specialized Court,344,109.0,['Hyderabad'],2,"['Tax', 'Medical', 'Media and Entertainment']","['Punjabi', 'Hindi', 'Odia']",yes,Sumer Viswanathan,['Grover-Chadha'],Small Businesses.
2.0,Specialized Court,290,97.0,['Mumbai'],17,"['Real Estate', 'Immigration', 'Civil']","['Punjabi', 'Urdu', 'Malayalam']",yes,Vivaan Dara,['Zachariah-Grewal'],Small Businesses.
4.0,District Court,475,94.0,['Delhi'],28,"['Immigration', 'Banking and Finance', 'Medical']","['Bengali', 'Gujarati', 'Malayalam']",yes,Inaaya  Bora,"['Basu', 'Sami', 'Kuruvilla']",Large Corporations.
4.0,Specialized Court,228,103.0,['Delhi'],27,"['Family', 'Tax', 'Media and Entertainment']","['Marathi', 'Tamil']",yes,Charvi Sehgal,['Bobal-Raman'],Individuals.
,Supreme Court,362,,['Chennai'],20,"['Constitutional', 'Immigration', 'Environmental']","['Bengali', 'Assamese', 'Odia']",yes,Arhaan Kohli,"['Behl', 'Sons']",Large Corporations.
2.0,Specialized Court,270,79.0,['Delhi'],24,"['Environmental', 'Tax', 'Tax']","['Assamese', 'Gujarati', 'Odia']",yes,Shalv Gade,"['Virk-Ch', 'ran']",Small Businesses.
1.0,High Court,281,81.0,['Chennai'],12,"['Environmental', 'Human Rights', 'Corporate']","['Assamese', 'Odia']",yes,Anahita Sahota,"['Gole', 'Sridhar', 'Mani']",Large Corporations.
5.0,District Court,170,91.0,['Bangalore'],18,"['Banking and Finance', 'Immigration', 'Corporate']","['Marathi', 'Tamil', 'Hindi']",no,Kanav Bhasin,"['Dar', 'Walia', 'Samra']",Individuals.
5.0,Specialized Court,255,75.0,['Bangalore'],3,"['Family', 'Tax', 'Media and Entertainment']","['Assamese', 'Telugu']",yes,Kabir Bhardwaj,['Deep-Bath'],Individuals.
3.0,High Court,262,83.0,['Hyderabad'],28,"['Labor', 'Consumer Protection', 'Immigration']","['Telugu', 'Urdu', 'Malayalam']",yes,Jiya Issac,['Venkataraman-Dhillon'],Small Businesses.
2.0,Supreme Court,368,83.0,['Hyderabad'],1,"['Family', 'Immigration', 'Immigration']","['Punjabi', 'Gujarati']",yes,Mohanlal Rastogi,"['Bhatia', 'Virk', 'Sheth']",Small Businesses.
2.0,Specialized Court,473,122.0,['Mumbai'],1,"['Human Rights', 'Corporate', 'Human Rights']","['Odia', 'Urdu', 'Malayalam']",yes,Nirvi Ray,"['Deep', 'Din', 'Bhardwaj']",Large Corporations.
4.0,District Court,198,49.0,['Delhi'],29,"['Labor', 'Civil', 'Tax']","['Assamese', 'Hindi', 'Urdu']",yes,Samaira Chawla,"['R', 'hawa Inc']",Individuals.
1.0,Specialized Court,69,88.0,['Hyderabad'],19,"['Civil', 'Intellectual Property', 'Corporate']","['Punjabi', 'Telugu', 'Marathi']",no,Mahika Sankaran,['Ben-Batra'],Individuals.
,High Court,273,,['Mumbai'],11,"['Medical', 'Real Estate', 'Labor']","['Hindi', 'Urdu']",no,Tejas Dhar,['Buch LLC'],Large Corporations.
5.0,District Court,295,92.0,['Kolkata'],5,"['Constitutional', 'Family', 'Real Estate']","['Telugu', 'Kannada', 'Marathi']",no,Indrans Das,[],Individuals.
1.0,Specialized Court,126,102.0,['Hyderabad'],12,"['Medical', 'Consumer Protection', 'Human Rights']","['Punjabi', 'Marathi', 'Hindi']",no,Purab Hayer,['Lal-Chadha'],Small Businesses.
1.0,Supreme Court,392,92.0,['Mumbai'],3,"['Environmental', 'Labor', 'Human Rights']","['Bengali', 'Marathi']",yes,Arnav Bora,['Mahajan-Basak'],Small Businesses.
3.0,District Court,493,80.0,['Chennai'],1,"['Family', 'Criminal', 'Medical']","['Telugu', 'Gujarati', 'Hindi']",no,Elakshi Contractor,['Varty-Shanker'],Large Corporations.
2.0,Supreme Court,476,57.0,['Chennai'],1,"['Civil', 'Human Rights', 'Corporate']","['Telugu', 'Kannada', 'Malayalam']",no,Ranbir Samra,"['Sane', 'Garg', 'Khalsa']",Large Corporations.
3.0,High Court,139,94.0,['Mumbai'],8,"['Consumer Protection', 'Human Rights', 'Environmental']","['Telugu', 'Punjabi']",yes,Khushi Kohli,['Gera-Sachar'],Large Corporations.
2.0,Specialized Court,444,79.0,['Bangalore'],10,"['Intellectual Property', 'Environmental', 'Family']","['Kannada', 'Marathi', 'Hindi']",no,Anaya Sama,"['Loke', 'Bora', 'Rege']",Small Businesses.
4.0,Supreme Court,367,78.0,['Kolkata'],11,"['Real Estate', 'Medical', 'Tax']","['Marathi', 'Odia', 'Hindi']",no,Jivin Behl,['Saxena-Srinivasan'],Large Corporations.
3.0,High Court,254,83.0,['Mumbai'],12,"['Civil', 'Banking and Finance', 'Human Rights']","['Punjabi', 'Marathi', 'Malayalam']",yes,Aniruddh Kala,"['Kadakia', 'Sarna', 'Sarma']",Individuals.
,Specialized Court,293,,['Hyderabad'],29,"['Media and Entertainment', 'Real Estate', 'Environmental']","['Kannada', 'Hindi', 'Odia']",yes,Adah Gera,"['Sathe', 'An', '', 'Agarwal']",Large Corporations.
5.0,High Court,432,127.0,['Bangalore'],13,"['Banking and Finance', 'Criminal', 'Labor']","['Punjabi', 'Gujarati', 'Odia']",no,Devansh Bal,['Savant-Halder'],Individuals.
3.0,Supreme Court,266,94.0,['Mumbai'],12,"['Human Rights', 'Human Rights', 'Real Estate']","['Bengali', 'Marathi', 'Hindi']",yes,Tushar Setty,['Kibe-Karnik'],Small Businesses.
2.0,High Court,218,84.0,['Delhi'],14,"['Real Estate', 'Media and Entertainment', 'Media and Entertainment']","['Bengali', 'Telugu']",no,Kimaya Shere,"['Agarwal', 'Choudhury', 'Din']",Individuals.
5.0,District Court,272,73.0,['Hyderabad'],2,"['Media and Entertainment', 'Media and Entertainment', 'Corporate']","['Bengali', 'Marathi']",yes,Saanvi Bhatnagar,['Bajwa Ltd'],Individuals.
3.0,Specialized Court,311,98.0,['Hyderabad'],29,"['Family', 'Intellectual Property', 'Civil']","['Marathi', 'Urdu']",no,Faiyaz Barad,['Dugar PLC'],Individuals.
3.0,High Court,135,117.0,['Chennai'],19,"['Tax', 'Real Estate', 'Constitutional']","['Punjabi', 'Marathi', 'Gujarati']",no,Anahita Ganesh,"['Jha', 'Deshp', 'e', 'Sampath']",Small Businesses.
4.0,Supreme Court,455,87.0,['Delhi'],18,"['Consumer Protection', 'Immigration', 'Environmental']","['Kannada', 'Bengali', 'Malayalam']",no,Parinaaz Singh,['Johal-Magar'],Individuals.
3.0,Specialized Court,353,55.0,['Delhi'],3,"['Civil', 'Immigration', 'Banking and Finance']","['Punjabi', 'Gujarati', 'Hindi']",yes,Neelofar Jain,['Lalla-Thaker'],Individuals.
1.0,District Court,335,101.0,['Hyderabad'],23,"['Constitutional', 'Labor', 'Family']","['Telugu', 'Urdu', 'Punjabi']",yes,Vivaan Mallick,['Mangat PLC'],Large Corporations.
,Specialized Court,95,,['Kolkata'],17,"['Family', 'Criminal', 'Civil']","['Bengali', 'Urdu', 'Malayalam']",no,Hridaan Shetty,['Chad Group'],Large Corporations.
1.0,District Court,322,67.0,['Bangalore'],26,"['Immigration', 'Human Rights', 'Consumer Protection']","['Kannada', 'Telugu']",yes,Nitya Dara,"['Shan', 'Sem', 'Swaminathan']",Large Corporations.
5.0,Specialized Court,104,93.0,['Chennai'],8,"['Criminal', 'Family', 'Immigration']","['Kannada', 'Odia', 'Malayalam']",yes,Yasmin Shukla,['Raman-Lala'],Individuals.
4.0,High Court,85,97.0,['Delhi'],29,"['Civil', 'Human Rights', 'Medical']","['Bengali', 'Kannada', 'Odia']",no,Uthkarsh Raman,['Ratta Group'],Individuals.
3.0,High Court,287,89.0,['Chennai'],26,"['Constitutional', 'Intellectual Property', 'Environmental']","['Bengali', 'Hindi', 'Punjabi']",yes,Anahi Shah,['Tak-Gopal'],Small Businesses.
3.0,Supreme Court,231,79.0,['Hyderabad'],10,"['Human Rights', 'Immigration', 'Immigration']","['Punjabi', 'Telugu', 'Kannada']",yes,Arhaan Basak,['Arya Group'],Individuals.
3.0,District Court,315,106.0,['Bangalore'],26,"['Media and Entertainment', 'Environmental', 'Corporate']","['Odia', 'Tamil']",no,Jayesh Bhat,['Ganesan-Kalla'],Individuals.
5.0,Supreme Court,90,84.0,['Mumbai'],2,"['Intellectual Property', 'Civil', 'Immigration']","['Bengali', 'Marathi', 'Tamil']",no,Shanaya Chada,"['Dewan', 'Sons']",Small Businesses.
3.0,High Court,244,68.0,['Delhi'],19,"['Immigration', 'Corporate', 'Consumer Protection']","['Telugu', 'Assamese', 'Tamil']",yes,Advik Loke,['Hari Group'],Individuals.
1.0,District Court,129,60.0,['Bangalore'],9,"['Medical', 'Corporate', 'Family']","['Assamese', 'Marathi', 'Malayalam']",yes,Vidur Master,['Dhillon Ltd'],Small Businesses.
,Supreme Court,494,,['Chennai'],7,"['Intellectual Property', 'Tax', 'Real Estate']","['Assamese', 'Odia', 'Tamil']",yes,Samar Chaudhari,['Cheema Group'],Small Businesses.
4.0,Supreme Court,303,100.0,['Hyderabad'],4,"['Medical', 'Family', 'Intellectual Property']","['Tamil', 'Urdu', 'Malayalam']",no,Baiju Ramakrishnan,['Bali-Kadakia'],Large Corporations.
1.0,Supreme Court,359,92.0,['Bangalore'],26,"['Family', 'Media and Entertainment', 'Criminal']","['Punjabi', 'Odia']",yes,Jayan Bahl,['Malhotra-Buch'],Individuals.
3.0,Supreme Court,196,84.0,['Mumbai'],21,"['Criminal', 'Human Rights', 'Tax']","['Assamese', 'Telugu', 'Odia']",yes,Suhana Saini,['Sathe-Krishnamurthy'],Large Corporations.
3.0,Supreme Court,93,83.0,['Bangalore'],18,"['Civil', 'Corporate', 'Real Estate']","['Telugu', 'Odia']",yes,Farhan Rattan,['Doshi-Dua'],Individuals.
2.0,District Court,489,74.0,['Hyderabad'],13,"['Civil', 'Tax', 'Intellectual Property']","['Gujarati', 'Odia', 'Malayalam']",yes,Urvi Gupta,['Varkey-Bhatti'],Large Corporations.
5.0,Supreme Court,179,84.0,['Chennai'],11,"['Tax', 'Criminal', 'Labor']","['Gujarati', 'Urdu', 'Hindi']",yes,Kiaan Ravel,['Gole-Mammen'],Small Businesses.
1.0,District Court,241,59.0,['Delhi'],29,"['Environmental', 'Immigration', 'Banking and Finance']","['Assamese', 'Marathi']",yes,Ryan Hegde,['Ramanathan-Bawa'],Small Businesses.
2.0,Supreme Court,342,79.0,['Delhi'],24,"['Tax', 'Banking and Finance', 'Environmental']","['Punjabi', 'Tamil']",no,Ranbir Manne,"['Chaudhari', 'Varghese', 'Bal']",Small Businesses.
4.0,High Court,61,86.0,['Kolkata'],4,"['Banking and Finance', 'Medical', 'Media and Entertainment']","['Punjabi', 'Odia', 'Urdu']",no,Anika Sen,"['Ch', '-Chakrabarti']",Small Businesses.
,High Court,415,,['Chennai'],25,"['Family', 'Consumer Protection', 'Environmental']","['Bengali', 'Odia', 'Tamil']",no,Rohan Banik,['Kaur Inc'],Individuals.
1.0,Supreme Court,291,90.0,['Kolkata'],21,"['Family', 'Immigration', 'Human Rights']","['Telugu', 'Tamil', 'Malayalam']",yes,Drishya Sandal,['Karnik Group'],Individuals.
3.0,Specialized Court,175,102.0,['Kolkata'],29,"['Criminal', 'Consumer Protection', 'Family']","['Assamese', 'Telugu', 'Gujarati']",yes,Kanav Walla,['Venkataraman-Zachariah'],Large Corporations.
1.0,High Court,78,111.0,['Hyderabad'],25,"['Tax', 'Environmental', 'Environmental']","['Kannada', 'Assamese', 'Marathi']",no,Zain Chakraborty,['Johal LLC'],Individuals.
3.0,District Court,123,106.0,['Hyderabad'],4,"['Constitutional', 'Civil', 'Civil']","['Punjabi', 'Bengali', 'Tamil']",no,Urvi Kothari,['Reddy Group'],Individuals.
5.0,Supreme Court,453,98.0,['Hyderabad'],10,"['Medical', 'Real Estate', 'Intellectual Property']","['Gujarati', 'Marathi', 'Malayalam']",no,Tejas Krishnan,['Dey-Bora'],Large Corporations.
3.0,District Court,359,91.0,['Mumbai'],5,"['Constitutional', 'Corporate', 'Family']","['Tamil', 'Odia', 'Urdu']",no,Vidur Bains,['Sen LLC'],Small Businesses.
4.0,Specialized Court,162,76.0,['Chennai'],9,"['Criminal', 'Criminal', 'Constitutional']","['Gujarati', 'Malayalam']",no,Anaya Rastogi,"['Dhawan', 'Bahl', 'Dua']",Large Corporations.
3.0,Supreme Court,80,102.0,['Delhi'],24,"['Consumer Protection', 'Consumer Protection', 'Civil']","['Assamese', 'Kannada', 'Gujarati']",yes,Nehmat Savant,"['Ramach', 'ran', 'Sons']",Large Corporations.
4.0,High Court,361,116.0,['Chennai'],3,"['Environmental', 'Medical', 'Environmental']","['Telugu', 'Bengali', 'Tamil']",yes,Yuvraj  Kumar,['Viswanathan PLC'],Small Businesses.
,District Court,308,,['Hyderabad'],17,"['Constitutional', 'Constitutional', 'Immigration']","['Punjabi', 'Gujarati', 'Marathi']",yes,Badal Krishnamurthy,['Tailor-Dhillon'],Large Corporations.
5.0,High Court,232,119.0,['Mumbai'],3,"['Labor', 'Human Rights', 'Consumer Protection']","['Bengali', 'Gujarati', 'Urdu']",yes,Nakul Goda,"['Sen', 'Ahuja', 'Raman']",Large Corporations.
1.0,High Court,214,68.0,['Chennai'],16,"['Banking and Finance', 'Corporate', 'Immigration']","['Punjabi', 'Gujarati', 'Malayalam']",yes,Shlok Ratti,['Jani-Wadhwa'],Large Corporations.
4.0,Supreme Court,148,73.0,['Chennai'],4,"['Real Estate', 'Human Rights', 'Civil']","['Bengali', 'Hindi', 'Malayalam']",no,Vedika Varty,['Ghosh PLC'],Individuals.
4.0,District Court,351,103.0,['Kolkata'],18,"['Criminal', 'Medical', 'Labor']","['Telugu', 'Gujarati', 'Tamil']",no,Bhamini Kale,['Devi-Kashyap'],Small Businesses.
2.0,Specialized Court,487,94.0,['Chennai'],17,"['Criminal', 'Family', 'Environmental']","['Assamese', 'Malayalam', 'Punjabi']",yes,Zeeshan Sharma,"['Dugar', 'Bala', 'Iyengar']",Small Businesses.
2.0,High Court,129,110.0,['Kolkata'],7,"['Corporate', 'Environmental', 'Medical']","['Telugu', 'Tamil', 'Malayalam']",no,Mohanlal Lal,['Ahuja-Dutta'],Large Corporations.
2.0,Supreme Court,319,90.0,['Kolkata'],24,"['Medical', 'Real Estate', 'Labor']","['Marathi', 'Hindi']",yes,Bhavin Keer,['Dhar-Khare'],Individuals.
3.0,Supreme Court,241,77.0,['Bangalore'],23,"['Media and Entertainment', 'Corporate', 'Labor']","['Tamil', 'Gujarati', 'Urdu']",yes,Anahi Grover,"['Uppal', 'Lalla', 'Bhargava']",Small Businesses.
2.0,Specialized Court,251,87.0,['Hyderabad'],5,"['Banking and Finance', 'Human Rights', 'Intellectual Property']","['Gujarati', 'Odia', 'Urdu']",no,Zeeshan Kara,"['Khurana-Ch', 'ra']",Small Businesses.
,Supreme Court,164,,['Mumbai'],12,"['Immigration', 'Criminal', 'Tax']","['Punjabi', 'Hindi', 'Urdu']",no,Darshit Chhabra,['Bajaj-Sachdeva'],Large Corporations.
3.0,High Court,421,74.0,['Kolkata'],17,"['Media and Entertainment', 'Corporate', 'Intellectual Property']","['Gujarati', 'Odia', 'Hindi']",yes,Stuvan Comar,['Karpe Inc'],Large Corporations.
5.0,Supreme Court,268,105.0,['Chennai'],23,"['Immigration', 'Consumer Protection', 'Corporate']","['Bengali', 'Telugu', 'Gujarati']",yes,Farhan Bhalla,"['Sharma', 'Sons']",Large Corporations.
1.0,District Court,295,104.0,['Kolkata'],13,"['Labor', 'Family', 'Criminal']","['Assamese', 'Gujarati', 'Hindi']",no,Lagan Kari,['Sheth LLC'],Small Businesses.
2.0,District Court,187,96.0,['Kolkata'],23,"['Tax', 'Constitutional', 'Media and Entertainment']","['Telugu', 'Kannada', 'Marathi']",no,Pihu Sangha,"['Borah', 'Iyer', 'Kala']",Large Corporations.
5.0,High Court,132,65.0,['Kolkata'],25,"['Banking and Finance', 'Intellectual Property', 'Civil']","['Bengali', 'Gujarati', 'Tamil']",yes,Miraya Boase,['Chakraborty PLC'],Large Corporations.
4.0,District Court,89,85.0,['Delhi'],3,"['Consumer Protection', 'Labor', 'Real Estate']","['Kannada', 'Marathi', 'Tamil']",yes,Hrishita Babu,['Iyer-Andra'],Large Corporations.
1.0,Specialized Court,371,72.0,['Delhi'],9,"['Family', 'Constitutional', 'Criminal']","['Bengali', 'Gujarati', 'Punjabi']",no,Alisha Goda,['Dasgupta-Comar'],Individuals.
5.0,Supreme Court,138,108.0,['Delhi'],17,"['Family', 'Tax', 'Medical']","['Kannada', 'Hindi']",no,Advika Kashyap,"['Bahri', 'Sons']",Large Corporations.
1.0,High Court,361,82.0,['Delhi'],17,"['Media and Entertainment', 'Corporate', 'Constitutional']","['Bengali', 'Marathi', 'Odia']",no,Jiya Dash,['Hans-Zacharia'],Small Businesses.
,Specialized Court,226,,['Bangalore'],20,"['Intellectual Property', 'Immigration', 'Consumer Protection']","['Bengali', 'Gujarati']",no,Heer Datta,['Walla Group'],Large Corporations.
4.0,Supreme Court,237,91.0,['Kolkata'],16,"['Medical', 'Civil', 'Intellectual Property']","['Marathi', 'Malayalam']",yes,Eva Deshmukh,"['R', 'hawa LLC']",Small Businesses.
1.0,Specialized Court,261,81.0,['Bangalore'],25,"['Labor', 'Immigration', 'Intellectual Property']","['Telugu', 'Marathi', 'Odia']",yes,Ranbir Krishnan,"['Singh', 'Chaudhari', 'Jaggi']",Individuals.
5.0,High Court,215,113.0,['Chennai'],22,"['Criminal', 'Constitutional', 'Family']","['Hindi', 'Odia']",yes,Sana De,"['Bassi', 'Kar', 'Gour']",Individuals.
2.0,High Court,95,79.0,['Hyderabad'],13,"['Labor', 'Consumer Protection', 'Medical']","['Assamese', 'Kannada', 'Odia']",no,Myra Yogi,['Soni Ltd'],Large Corporations.
2.0,Specialized Court,189,70.0,['Mumbai'],27,"['Labor', 'Immigration', 'Criminal']","['Bengali', 'Telugu', 'Kannada']",no,Jivin Khalsa,['Sharma-Devan'],Small Businesses.
5.0,Supreme Court,349,58.0,['Bangalore'],19,"['Media and Entertainment', 'Criminal', 'Human Rights']","['Urdu', 'Tamil', 'Malayalam']",yes,Nishith Vig,['Ramanathan-Bhatnagar'],Large Corporations.
5.0,District Court,350,90.0,['Delhi'],17,"['Human Rights', 'Immigration', 'Banking and Finance']","['Assamese', 'Kannada', 'Odia']",no,Reyansh Thaman,['Ramakrishnan Group'],Large Corporations.
1.0,District Court,179,82.0,['Delhi'],4,"['Labor', 'Real Estate', 'Banking and Finance']","['Telugu', 'Hindi']",yes,Yasmin Baria,"['Thakur', 'Aurora', 'Zacharia']",Small Businesses.
3.0,Specialized Court,257,69.0,['Chennai'],12,"['Immigration', 'Intellectual Property', 'Family']","['Marathi', 'Odia']",no,Alia Wali,"['An', '', 'Butala', 'Iyer']",Small Businesses.
,High Court,137,,['Kolkata'],29,"['Human Rights', 'Corporate', 'Real Estate']","['Bengali', 'Gujarati']",no,Dharmajan Sami,"['Bhasin', 'Bhatti', 'Sura']",Small Businesses.
1.0,Supreme Court,145,101.0,['Mumbai'],9,"['Medical', 'Medical', 'Family']","['Bengali', 'Assamese', 'Urdu']",yes,Ranbir Bumb,"['Ganesan', 'Hora', 'Ganesan']",Small Businesses.
5.0,Supreme Court,60,90.0,['Bangalore'],19,"['Labor', 'Media and Entertainment', 'Media and Entertainment']","['Bengali', 'Gujarati', 'Punjabi']",yes,Eva Ram,"['Doctor', 'Mann', 'Brahmbhatt']",Small Businesses.
1.0,High Court,454,111.0,['Kolkata'],12,"['Environmental', 'Environmental', 'Criminal']","['Marathi', 'Tamil']",yes,Akarsh Virk,['Vaidya-Sen'],Individuals.
5.0,District Court,145,100.0,['Kolkata'],9,"['Real Estate', 'Immigration', 'Civil']","['Punjabi', 'Odia', 'Tamil']",no,Vaibhav D’Alia,['Cheema PLC'],Individuals.
4.0,Supreme Court,152,78.0,['Hyderabad'],7,"['Family', 'Family', 'Environmental']","['Kannada', 'Telugu', 'Marathi']",yes,Zain Mahajan,['Kumar Inc'],Individuals.
5.0,Specialized Court,176,75.0,['Hyderabad'],28,"['Human Rights', 'Environmental', 'Environmental']","['Assamese', 'Malayalam']",yes,Anaya Chakrabarti,"['Roy', 'Sons']",Small Businesses.
5.0,District Court,107,103.0,['Bangalore'],14,"['Intellectual Property', 'Intellectual Property', 'Medical']","['Punjabi', 'Telugu', 'Kannada']",yes,Raunak Dayal,"['Divan', 'Rattan', 'Sibal']",Small Businesses.
5.0,Specialized Court,338,96.0,['Bangalore'],20,"['Banking and Finance', 'Human Rights', 'Consumer Protection']","['Punjabi', 'Kannada', 'Urdu']",yes,Khushi Devan,"['Butala', 'Kunda', 'Joshi']",Small Businesses.
3.0,District Court,84,93.0,['Bangalore'],19,"['Real Estate', 'Medical', 'Constitutional']","['Assamese', 'Marathi', 'Urdu']",no,Aaina Sundaram,['Sanghvi Ltd'],Large Corporations.
,High Court,110,,['Bangalore'],26,"['Intellectual Property', 'Consumer Protection', 'Intellectual Property']","['Telugu', 'Gujarati', 'Punjabi']",yes,Lakshit Wable,['Deo Group'],Individuals.
2.0,Specialized Court,340,100.0,['Delhi'],15,"['Corporate', 'Intellectual Property', 'Real Estate']","['Telugu', 'Marathi']",yes,Jhanvi Kale,"['S', 'al Ltd']",Individuals.
2.0,Specialized Court,203,79.0,['Kolkata'],16,"['Intellectual Property', 'Immigration', 'Banking and Finance']","['Punjabi', 'Assamese']",no,Tarini Upadhyay,['Gokhale Ltd'],Large Corporations.
1.0,High Court,369,89.0,['Kolkata'],21,"['Family', 'Intellectual Property', 'Intellectual Property']","['Assamese', 'Marathi', 'Hindi']",yes,Fateh Kari,"['Sarin', 'Walia', 'Sodhi']",Large Corporations.
3.0,Specialized Court,301,112.0,['Delhi'],5,"['Family', 'Environmental', 'Corporate']","['Bengali', 'Assamese', 'Hindi']",yes,Samaira Sundaram,"['Ch', '-Jha']",Individuals.
1.0,District Court,165,81.0,['Kolkata'],3,"['Human Rights', 'Civil', 'Consumer Protection']","['Gujarati', 'Tamil', 'Hindi']",yes,Jayan Hayer,['Tank PLC'],Small Businesses.
2.0,Supreme Court,343,67.0,['Bangalore'],12,"['Labor', 'Consumer Protection', 'Constitutional']","['Bengali', 'Tamil', 'Malayalam']",yes,Shalv Bhasin,"['Bhatt', 'Arya', 'Sharaf']",Individuals.
2.0,Supreme Court,102,75.0,['Mumbai'],25,"['Civil', 'Immigration', 'Tax']","['Marathi', 'Urdu', 'Tamil']",no,Dhruv Chokshi,"['G', 'hi', 'Khosla', 'Goda']",Small Businesses.
4.0,High Court,291,105.0,['Hyderabad'],20,"['Corporate', 'Criminal', 'Banking and Finance']","['Assamese', 'Tamil', 'Malayalam']",no,Nishith Gulati,"['Dalal', 'Bath', 'Bajwa']",Individuals.
5.0,District Court,247,94.0,['Hyderabad'],27,"['Human Rights', 'Constitutional', 'Human Rights']","['Punjabi', 'Odia', 'Malayalam']",no,Ishita Kaul,"['Savant', 'Grover', 'Iyer']",Individuals.
,Specialized Court,171,,['Kolkata'],21,"['Environmental', 'Real Estate', 'Human Rights']","['Punjabi', 'Urdu', 'Malayalam']",no,Heer Vala,['Bumb LLC'],Large Corporations.
1.0,Specialized Court,322,83.0,['Mumbai'],4,"['Criminal', 'Labor', 'Family']","['Punjabi', 'Hindi', 'Tamil']",no,Kavya Sawhney,['Gala-Sehgal'],Large Corporations.
1.0,Supreme Court,442,98.0,['Hyderabad'],21,"['Constitutional', 'Banking and Finance', 'Immigration']","['Marathi', 'Urdu', 'Malayalam']",no,Ela Bail,['Virk Group'],Small Businesses.
5.0,Specialized Court,500,78.0,['Mumbai'],23,"['Banking and Finance', 'Tax', 'Criminal']","['Kannada', 'Bengali', 'Malayalam']",yes,Zara Butala,[],Small Businesses.
5.0,Supreme Court,323,95.0,['Delhi'],16,"['Intellectual Property', 'Consumer Protection', 'Intellectual Property']","['Bengali', 'Kannada', 'Odia']",yes,Anay Subramaniam,"['Mangat', 'Ghosh', 'Badal']",Individuals.
4.0,High Court,232,80.0,['Chennai'],25,"['Civil', 'Intellectual Property', 'Family']","['Punjabi', 'Gujarati', 'Odia']",yes,Hansh Bawa,"['Kala', 'Jani', 'Anne']",Large Corporations.
3.0,Specialized Court,151,77.0,['Kolkata'],7,"['Labor', 'Criminal', 'Real Estate']","['Gujarati', 'Marathi', 'Tamil']",yes,Advika Vasa,"['Lanka', 'Ch', 'ran', 'Singhal']",Small Businesses.
1.0,District Court,166,81.0,['Delhi'],13,"['Immigration', 'Corporate', 'Intellectual Property']","['Bengali', 'Assamese', 'Tamil']",no,Devansh Shroff,"['Bahl', 'Bera', 'Krish']",Small Businesses.
5.0,Specialized Court,266,85.0,['Delhi'],21,"['Medical', 'Corporate', 'Tax']","['Assamese', 'Urdu', 'Tamil']",yes,Alisha Reddy,['Kapur-Dada'],Small Businesses.
1.0,Supreme Court,215,90.0,['Mumbai'],10,"['Criminal', 'Tax', 'Environmental']","['Odia', 'Tamil', 'Malayalam']",yes,Saanvi Madan,"['Kala', 'Thaker', 'Srinivasan']",Individuals.
,High Court,461,,['Kolkata'],26,"['Consumer Protection', 'Media and Entertainment', 'Constitutional']","['Bengali', 'Assamese', 'Marathi']",no,Gokul Jain,['Shanker-Dalal'],Small Businesses.
2.0,Supreme Court,216,35.0,['Delhi'],7,"['Tax', 'Consumer Protection', 'Consumer Protection']","['Kannada', 'Gujarati', 'Tamil']",yes,Saksham Srinivas,"['Divan', 'Butala', 'Bassi']",Small Businesses.
1.0,Specialized Court,218,78.0,['Bangalore'],14,"['Civil', 'Consumer Protection', 'Constitutional']","['Telugu', 'Tamil']",yes,Heer Roy,"['Master', 'Sons']",Large Corporations.
2.0,Supreme Court,223,85.0,['Delhi'],26,"['Medical', 'Real Estate', 'Environmental']","['Marathi', 'Tamil', 'Hindi']",no,Advik Bala,['Das LLC'],Large Corporations.
1.0,Supreme Court,426,113.0,['Bangalore'],5,"['Immigration', 'Media and Entertainment', 'Intellectual Property']","['Bengali', 'Telugu', 'Kannada']",yes,Vivaan Baral,"['Chana', 'Hayer', 'Vig']",Large Corporations.
3.0,High Court,343,74.0,['Chennai'],3,"['Corporate', 'Intellectual Property', 'Real Estate']","['Marathi', 'Odia']",yes,Nitya Amble,['Varughese Inc'],Individuals.
4.0,District Court,326,93.0,['Bangalore'],23,"['Consumer Protection', 'Medical', 'Constitutional']","['Punjabi', 'Hindi', 'Odia']",no,Sahil Bhardwaj,"['Choudhury', 'Sagar', 'Lal']",Large Corporations.
2.0,Specialized Court,200,113.0,['Bangalore'],29,"['Human Rights', 'Civil', 'Human Rights']","['Kannada', 'Tamil']",yes,Hrishita Ratta,['Kunda Inc'],Large Corporations.
5.0,High Court,418,71.0,['Mumbai'],11,"['Labor', 'Tax', 'Constitutional']","['Punjabi', 'Urdu', 'Malayalam']",yes,Vedika Keer,"['Venkataraman', 'Uppal', 'Sane']",Large Corporations.
3.0,District Court,67,96.0,['Delhi'],11,"['Criminal', 'Real Estate', 'Tax']","['Assamese', 'Telugu']",yes,Hazel Basak,['Vora-Rege'],Large Corporations.
,Supreme Court,442,,['Chennai'],18,"['Criminal', 'Intellectual Property', 'Banking and Finance']","['Telugu', 'Bengali', 'Punjabi']",no,Samar Chandran,['Dugal Group'],Small Businesses.
2.0,District Court,281,83.0,['Delhi'],15,"['Media and Entertainment', 'Environmental', 'Criminal']","['Marathi', 'Hindi', 'Gujarati']",yes,Zeeshan Chahal,['Hayer Group'],Individuals.
1.0,Supreme Court,229,78.0,['Bangalore'],12,"['Criminal', 'Criminal', 'Media and Entertainment']","['Bengali', 'Hindi', 'Odia']",no,Kismat Raman,"['Kadakia', 'B', 'i', 'Goswami']",Small Businesses.
1.0,Supreme Court,274,80.0,['Hyderabad'],9,"['Corporate', 'Banking and Finance', 'Real Estate']","['Bengali', 'Odia', 'Urdu']",yes,Damini Mandal,['Jhaveri-Sodhi'],Small Businesses.
1.0,High Court,350,131.0,['Bangalore'],10,"['Consumer Protection', 'Constitutional', 'Real Estate']","['Telugu', 'Punjabi']",yes,Dhanuk Ganesan,['Bath-Aggarwal'],Individuals.
4.0,Supreme Court,56,103.0,['Delhi'],26,"['Intellectual Property', 'Civil', 'Civil']","['Telugu', 'Marathi', 'Punjabi']",yes,Romil Choudhury,"['Vasa', 'Tiwari', 'Saran']",Small Businesses.
4.0,High Court,442,107.0,['Chennai'],12,"['Tax', 'Medical', 'Media and Entertainment']","['Kannada', 'Hindi', 'Tamil']",no,Vaibhav Walla,"['Bh', 'ari-Sahota']",Large Corporations.
5.0,District Court,251,98.0,['Hyderabad'],17,"['Environmental', 'Environmental', 'Banking and Finance']","['Kannada', 'Gujarati', 'Marathi']",no,Ivan Mane,['Lad Inc'],Individuals.
2.0,District Court,204,66.0,['Chennai'],29,"['Corporate', 'Environmental', 'Banking and Finance']","['Assamese', 'Gujarati', 'Hindi']",no,Indrajit Tripathi,['Gole Ltd'],Small Businesses.
3.0,Supreme Court,112,96.0,['Mumbai'],6,"['Constitutional', 'Media and Entertainment', 'Environmental']","['Assamese', 'Tamil']",yes,Indrajit Dara,"['Thakkar', 'Shan', 'Sawhney']",Small Businesses.
,High Court,248,,['Bangalore'],7,"['Banking and Finance', 'Labor', 'Civil']","['Punjabi', 'Telugu', 'Urdu']",yes,Jayesh Solanki,"['Suresh-Ch', 'er']",Large Corporations.
3.0,Supreme Court,273,78.0,['Bangalore'],14,"['Banking and Finance', 'Corporate', 'Media and Entertainment']","['Bengali', 'Telugu', 'Urdu']",yes,Uthkarsh Kibe,['Chacko-Wable'],Small Businesses.
1.0,High Court,232,105.0,['Mumbai'],13,"['Tax', 'Family', 'Human Rights']","['Punjabi', 'Assamese', 'Gujarati']",yes,Kimaya Sachar,['Soni-Dada'],Small Businesses.
4.0,High Court,355,101.0,['Delhi'],8,"['Family', 'Criminal', 'Environmental']","['Assamese', 'Kannada', 'Gujarati']",yes,Azad Venkatesh,['Sankar PLC'],Small Businesses.
2.0,High Court,239,118.0,['Bangalore'],10,"['Banking and Finance', 'Corporate', 'Medical']","['Kannada', 'Hindi', 'Malayalam']",no,Vihaan Bath,['Bhasin PLC'],Individuals.
1.0,District Court,483,84.0,['Delhi'],9,"['Labor', 'Immigration', 'Constitutional']","['Telugu', 'Bengali', 'Marathi']",yes,Ela Kaul,['Rattan-Mani'],Individuals.
4.0,High Court,320,74.0,['Chennai'],18,"['Corporate', 'Banking and Finance', 'Media and Entertainment']","['Assamese', 'Bengali', 'Urdu']",yes,Veer Master,['Raj-Sodhi'],Small Businesses.
4.0,District Court,413,85.0,['Hyderabad'],27,"['Immigration', 'Environmental', 'Environmental']","['Assamese', 'Gujarati', 'Marathi']",no,Divyansh Devan,"['Sinha-Ch', 'ran']",Small Businesses.
2.0,High Court,99,112.0,['Hyderabad'],26,"['Tax', 'Family', 'Immigration']","['Assamese', 'Urdu', 'Tamil']",no,Stuvan Kota,"['S', 'al', 'Tak', 'Maharaj']",Large Corporations.
2.0,District Court,229,63.0,['Hyderabad'],2,"['Constitutional', 'Consumer Protection', 'Civil']","['Gujarati', 'Hindi', 'Urdu']",no,Raunak Saraf,"['Ravel', 'Banik', 'Rao']",Individuals.
,Specialized Court,202,,['Kolkata'],5,"['Media and Entertainment', 'Corporate', 'Constitutional']","['Telugu', 'Hindi']",no,Siya Krish,"['Choudhry', 'Kapur', 'Hegde']",Individuals.
1.0,District Court,306,92.0,['Mumbai'],29,"['Family', 'Medical', 'Media and Entertainment']","['Gujarati', 'Odia']",no,Kiaan Gaba,"['Bose', 'Lalla', 'Krishna']",Individuals.
5.0,District Court,438,84.0,['Hyderabad'],5,"['Intellectual Property', 'Medical', 'Medical']","['Assamese', 'Bengali', 'Odia']",yes,Pari Sama,"['Keer', 'Sachdeva', 'Tak']",Small Businesses.
2.0,Supreme Court,85,91.0,['Bangalore'],6,"['Consumer Protection', 'Medical', 'Labor']","['Marathi', 'Hindi', 'Malayalam']",yes,Neelofar Sule,['Sarna-Johal'],Large Corporations.
5.0,High Court,83,105.0,['Mumbai'],19,"['Immigration', 'Real Estate', 'Corporate']","['Bengali', 'Telugu', 'Malayalam']",yes,Abram Tripathi,"['Reddy', 'Bahri', 'Din']",Large Corporations.
1.0,Specialized Court,433,82.0,['Chennai'],8,"['Human Rights', 'Civil', 'Corporate']","['Assamese', 'Urdu', 'Malayalam']",yes,Eshani Kota,['Bhatt-Chawla'],Small Businesses.
5.0,Supreme Court,146,62.0,['Chennai'],16,"['Tax', 'Human Rights', 'Real Estate']","['Telugu', 'Bengali', 'Urdu']",yes,Lakshay Swamy,"['Choudhry', 'Dyal', 'Barman']",Small Businesses.
3.0,High Court,351,121.0,['Chennai'],13,"['Labor', 'Corporate', 'Immigration']","['Bengali', 'Kannada', 'Malayalam']",no,Nitya Jhaveri,['Chowdhury-Tata'],Large Corporations.
5.0,Specialized Court,294,76.0,['Chennai'],1,"['Consumer Protection', 'Media and Entertainment', 'Tax']","['Bengali', 'Odia']",yes,Saira Thakur,['Gala LLC'],Large Corporations.
2.0,Specialized Court,425,75.0,['Kolkata'],22,"['Immigration', 'Medical', 'Criminal']","['Marathi', 'Odia']",yes,Darshit Kulkarni,"['Atwal', 'Bal', 'Kata']",Individuals.
,Specialized Court,106,,['Delhi'],20,"['Family', 'Labor', 'Medical']","['Kannada', 'Bengali', 'Gujarati']",no,Kabir Tella,['Aurora LLC'],Small Businesses.
2.0,High Court,108,85.0,['Delhi'],17,"['Media and Entertainment', 'Constitutional', 'Medical']","['Kannada', 'Telugu', 'Urdu']",no,Riya Iyer,['Mani LLC'],Individuals.
3.0,Specialized Court,301,90.0,['Hyderabad'],7,"['Immigration', 'Real Estate', 'Civil']","['Telugu', 'Marathi', 'Malayalam']",yes,Trisha Bora,"['Maharaj', 'Singhal', 'Saxena']",Large Corporations.
2.0,Specialized Court,476,98.0,['Kolkata'],25,"['Medical', 'Human Rights', 'Labor']","['Punjabi', 'Marathi', 'Malayalam']",yes,Lagan Varma,"['Krishnan', 'Sons']",Individuals.
2.0,Supreme Court,237,107.0,['Delhi'],13,"['Consumer Protection', 'Criminal', 'Constitutional']","['Telugu', 'Bengali', 'Urdu']",no,Piya Dhar,['Edwin-Behl'],Large Corporations.
2.0,District Court,197,85.0,['Chennai'],4,"['Real Estate', 'Criminal', 'Medical']","['Kannada', 'Bengali', 'Tamil']",yes,Renee Ratti,"['Rajan', 'Balan', 'Kata']",Large Corporations.
4.0,High Court,323,113.0,['Delhi'],4,"['Medical', 'Criminal', 'Medical']","['Telugu', 'Marathi', 'Gujarati']",no,Jayan Goda,['Mangal LLC'],Individuals.
3.0,District Court,469,58.0,['Mumbai'],6,"['Environmental', 'Criminal', 'Immigration']","['Punjabi', 'Odia', 'Urdu']",yes,Yashvi Jhaveri,"['S', 'al', 'Sani', 'Dhaliwal']",Small Businesses.
2.0,Supreme Court,427,102.0,['Hyderabad'],28,"['Media and Entertainment', 'Media and Entertainment', 'Banking and Finance']","['Telugu', 'Kannada', 'Tamil']",no,Shlok Mangat,"['Dani', 'Gour', 'Rege']",Individuals.
2.0,District Court,498,78.0,['Delhi'],19,"['Civil', 'Constitutional', 'Banking and Finance']","['Kannada', 'Hindi']",no,Umang Keer,"['Bh', 'ari', 'Sons']",Individuals.
,Specialized Court,60,,['Mumbai'],29,"['Intellectual Property', 'Corporate', 'Real Estate']","['Bengali', 'Gujarati', 'Punjabi']",no,Vaibhav Kaur,"['Subramaniam', 'Sons']",Small Businesses.
1.0,Specialized Court,101,93.0,['Bangalore'],12,"['Banking and Finance', 'Medical', 'Consumer Protection']","['Assamese', 'Telugu', 'Hindi']",yes,Uthkarsh Thaker,['Agarwal-Kapoor'],Small Businesses.
4.0,High Court,324,80.0,['Mumbai'],22,"['Family', 'Intellectual Property', 'Civil']","['Hindi', 'Urdu', 'Malayalam']",no,Chirag Sheth,"['Deo', 'Thakkar', 'Bobal']",Individuals.
1.0,High Court,419,100.0,['Mumbai'],7,"['Consumer Protection', 'Corporate', 'Immigration']","['Assamese', 'Telugu', 'Tamil']",no,Mohanlal Ram,"['Bahri', 'Sons']",Large Corporations.
4.0,High Court,178,104.0,['Chennai'],27,"['Environmental', 'Environmental', 'Civil']","['Telugu', 'Hindi']",yes,Purab Mangat,"['Bedi', 'Sons']",Individuals.
2.0,Supreme Court,158,100.0,['Chennai'],10,"['Environmental', 'Immigration', 'Consumer Protection']","['Gujarati', 'Urdu', 'Malayalam']",yes,Neysa Bansal,"['Chahal', 'Venkataraman', 'Agrawal']",Large Corporations.
3.0,High Court,404,75.0,['Hyderabad'],26,"['Human Rights', 'Human Rights', 'Criminal']","['Hindi', 'Tamil', 'Malayalam']",yes,Yuvraj  Bali,['Chopra-Luthra'],Small Businesses.
5.0,Supreme Court,75,83.0,['Chennai'],19,"['Immigration', 'Medical', 'Criminal']","['Punjabi', 'Gujarati', 'Hindi']",no,Reyansh Varghese,['Dhawan-Choudhry'],Small Businesses.
5.0,Specialized Court,216,90.0,['Mumbai'],7,"['Civil', 'Banking and Finance', 'Media and Entertainment']","['Bengali', 'Assamese', 'Punjabi']",no,Prerak Sama,['Hegde-Walla'],Large Corporations.
2.0,District Court,278,90.0,['Kolkata'],3,"['Environmental', 'Human Rights', 'Tax']","['Telugu', 'Tamil']",no,Riya Bera,['Bora PLC'],Individuals.
,Specialized Court,302,,['Chennai'],13,"['Civil', 'Medical', 'Banking and Finance']","['Kannada', 'Marathi']",yes,Siya Karan,['Sheth-Varghese'],Small Businesses.
3.0,Specialized Court,378,60.0,['Chennai'],13,"['Media and Entertainment', 'Civil', 'Human Rights']","['Punjabi', 'Bengali', 'Hindi']",yes,Tiya Bhargava,"['Issac', 'Gara', 'Venkatesh']",Large Corporations.
4.0,Specialized Court,210,96.0,['Mumbai'],18,"['Medical', 'Media and Entertainment', 'Corporate']","['Punjabi', 'Tamil']",no,Parinaaz Borde,['Choudhury PLC'],Large Corporations.
2.0,High Court,326,86.0,['Bangalore'],28,"['Immigration', 'Family', 'Banking and Finance']","['Marathi', 'Odia']",yes,Ela Behl,['Ravel Group'],Individuals.
3.0,High Court,313,78.0,['Bangalore'],26,"['Consumer Protection', 'Media and Entertainment', 'Environmental']","['Marathi', 'Odia', 'Tamil']",yes,Dharmajan De,['Lall-Saxena'],Large Corporations.
3.0,High Court,296,79.0,['Delhi'],20,"['Medical', 'Intellectual Property', 'Family']","['Punjabi', 'Bengali', 'Marathi']",no,Neysa Bhalla,"['Sood', 'Samra', 'Venkatesh']",Large Corporations.
4.0,District Court,338,87.0,['Hyderabad'],28,"['Labor', 'Human Rights', 'Family']","['Punjabi', 'Urdu']",no,Riya Bhatia,"['Shukla', 'Solanki', 'Chadha']",Individuals.
3.0,High Court,167,36.0,['Bangalore'],8,"['Real Estate', 'Intellectual Property', 'Civil']","['Assamese', 'Kannada']",yes,Suhana Chopra,['Sheth-Kalita'],Small Businesses.
1.0,Supreme Court,88,80.0,['Chennai'],29,"['Environmental', 'Environmental', 'Consumer Protection']","['Bengali', 'Gujarati']",no,Ela Mann,['Deol Inc'],Small Businesses.
1.0,Specialized Court,104,77.0,['Kolkata'],9,"['Corporate', 'Corporate', 'Tax']","['Telugu', 'Odia']",yes,Fateh Kalla,['Hari-Chakraborty'],Small Businesses.
,District Court,151,,['Delhi'],7,"['Medical', 'Intellectual Property', 'Family']","['Gujarati', 'Hindi']",no,Rati Contractor,['Sankar Inc'],Large Corporations.
3.0,District Court,275,78.0,['Hyderabad'],1,"['Real Estate', 'Tax', 'Environmental']","['Bengali', 'Gujarati', 'Marathi']",no,Nishith Saraf,['Gera-Goyal'],Large Corporations.
1.0,District Court,428,87.0,['Kolkata'],3,"['Immigration', 'Tax', 'Real Estate']","['Assamese', 'Malayalam', 'Punjabi']",no,Amani Yogi,['Bhasin Group'],Individuals.
4.0,District Court,366,114.0,['Kolkata'],13,"['Human Rights', 'Media and Entertainment', 'Family']","['Assamese', 'Telugu', 'Tamil']",yes,Vanya Kala,"['Roy', 'Guha', 'Yadav']",Large Corporations.
3.0,District Court,405,105.0,['Chennai'],28,"['Intellectual Property', 'Banking and Finance', 'Intellectual Property']","['Bengali', 'Odia', 'Tamil']",yes,Lakshit Garg,"['Tiwari', 'Sons']",Large Corporations.
5.0,Supreme Court,208,104.0,['Mumbai'],25,"['Corporate', 'Immigration', 'Constitutional']","['Gujarati', 'Odia', 'Tamil']",no,Yasmin Kumar,['Sur Ltd'],Small Businesses.
3.0,Specialized Court,232,83.0,['Mumbai'],28,"['Family', 'Media and Entertainment', 'Tax']","['Kannada', 'Hindi', 'Tamil']",yes,Prerak Chander,"['Kalita', 'Varma', 'Savant']",Large Corporations.
4.0,District Court,227,99.0,['Mumbai'],17,"['Banking and Finance', 'Consumer Protection', 'Media and Entertainment']","['Assamese', 'Gujarati', 'Malayalam']",yes,Hansh Sen,"['Kibe', 'Gole', 'Yogi']",Large Corporations.
5.0,Specialized Court,136,87.0,['Bangalore'],25,"['Human Rights', 'Family', 'Real Estate']","['Marathi', 'Hindi', 'Urdu']",yes,Nitya Varty,"['Chad', 'Gulati', 'Bhattacharyya']",Large Corporations.
3.0,High Court,78,88.0,['Mumbai'],24,"['Real Estate', 'Labor', 'Medical']","['Bengali', 'Marathi', 'Odia']",yes,Himmat Sani,['Tripathi-Ghosh'],Individuals.
,District Court,316,,['Hyderabad'],1,"['Media and Entertainment', 'Constitutional', 'Immigration']","['Assamese', 'Bengali', 'Telugu']",yes,Tushar Dasgupta,"['Chad', 'Magar', 'Choudhry']",Large Corporations.
2.0,District Court,495,82.0,['Chennai'],6,"['Immigration', 'Corporate', 'Real Estate']","['Assamese', 'Telugu', 'Kannada']",no,Misha Shenoy,['Rege-Kunda'],Individuals.
2.0,Specialized Court,125,113.0,['Bangalore'],21,"['Real Estate', 'Constitutional', 'Corporate']","['Kannada', 'Gujarati', 'Odia']",yes,Aaina Sule,['Goda-Bakshi'],Small Businesses.
1.0,District Court,71,88.0,['Hyderabad'],6,"['Banking and Finance', 'Banking and Finance', 'Immigration']","['Assamese', 'Hindi', 'Punjabi']",yes,Madhup Bhalla,"['Bh', 'ari', 'Tak', 'Srinivas']",Large Corporations.
2.0,District Court,401,100.0,['Mumbai'],26,"['Environmental', 'Labor', 'Banking and Finance']","['Assamese', 'Gujarati', 'Hindi']",no,Nirvaan Dugar,['Magar Inc'],Individuals.
2.0,District Court,164,112.0,['Hyderabad'],12,"['Human Rights', 'Banking and Finance', 'Labor']","['Marathi', 'Urdu', 'Tamil']",no,Jayesh Kara,['Chaudry Group'],Small Businesses.
1.0,Supreme Court,423,106.0,['Kolkata'],13,"['Medical', 'Medical', 'Constitutional']","['Telugu', 'Assamese', 'Punjabi']",no,Nirvi Loke,"['Madan', 'Sons']",Large Corporations.
1.0,Supreme Court,367,69.0,['Chennai'],13,"['Consumer Protection', 'Corporate', 'Constitutional']","['Kannada', 'Gujarati', 'Punjabi']",yes,Romil Mall,['Ratta Group'],Individuals.
3.0,District Court,476,97.0,['Chennai'],29,"['Corporate', 'Corporate', 'Constitutional']","['Bengali', 'Telugu', 'Malayalam']",yes,Aradhya Grover,['Kapur-Varma'],Individuals.
3.0,Supreme Court,234,103.0,['Hyderabad'],15,"['Constitutional', 'Family', 'Consumer Protection']","['Telugu', 'Bengali']",no,Hansh Jhaveri,['Gill LLC'],Small Businesses.
,High Court,348,,['Delhi'],21,"['Media and Entertainment', 'Constitutional', 'Constitutional']","['Bengali', 'Hindi', 'Tamil']",no,Ela Dugar,['Sule-Sarma'],Large Corporations.
4.0,District Court,259,74.0,['Chennai'],16,"['Tax', 'Tax', 'Civil']","['Assamese', 'Bengali', 'Hindi']",no,Indranil Bal,['Krishna Ltd'],Large Corporations.
2.0,High Court,334,81.0,['Kolkata'],22,"['Real Estate', 'Criminal', 'Constitutional']","['Tamil', 'Urdu', 'Malayalam']",no,Neysa Bhat,['Bera LLC'],Large Corporations.
3.0,Specialized Court,252,105.0,['Chennai'],21,"['Banking and Finance', 'Constitutional', 'Environmental']","['Punjabi', 'Assamese', 'Marathi']",no,Inaaya  Kala,"['Bail', 'Gala', 'Bawa']",Individuals.
2.0,High Court,135,79.0,['Delhi'],11,"['Family', 'Civil', 'Banking and Finance']","['Bengali', 'Tamil', 'Urdu']",yes,Adah Deo,['Sridhar Group'],Large Corporations.
5.0,Specialized Court,279,86.0,['Chennai'],28,"['Family', 'Banking and Finance', 'Media and Entertainment']","['Punjabi', 'Gujarati', 'Hindi']",no,Arnav Badal,['Thaker PLC'],Individuals.
1.0,District Court,288,114.0,['Chennai'],5,"['Criminal', 'Civil', 'Constitutional']","['Telugu', 'Bengali', 'Marathi']",yes,Stuvan Talwar,['Rama-Chada'],Individuals.
4.0,Specialized Court,415,90.0,['Delhi'],4,"['Human Rights', 'Corporate', 'Human Rights']","['Bengali', 'Hindi', 'Malayalam']",yes,Dhruv De,"['Bahl', 'Dasgupta', 'Agrawal']",Small Businesses.
5.0,Specialized Court,381,80.0,['Chennai'],3,"['Real Estate', 'Criminal', 'Banking and Finance']","['Kannada', 'Marathi', 'Hindi']",no,Farhan Chahal,['Subramaniam-Saraf'],Individuals.
5.0,High Court,349,77.0,['Hyderabad'],19,"['Tax', 'Real Estate', 'Constitutional']","['Assamese', 'Gujarati']",no,Miraya Tank,"['Roy', 'Gour', 'Reddy']",Small Businesses.
,High Court,101,,['Bangalore'],20,"['Labor', 'Labor', 'Consumer Protection']","['Kannada', 'Telugu', 'Hindi']",no,Hazel Thaker,['Sarkar-Arora'],Small Businesses.
1.0,High Court,374,71.0,['Hyderabad'],25,"['Banking and Finance', 'Immigration', 'Tax']","['Tamil', 'Gujarati', 'Urdu']",no,Rhea Dar,"['Thakkar', 'Kaur', 'Chakraborty']",Large Corporations.
3.0,District Court,275,87.0,['Chennai'],18,"['Environmental', 'Criminal', 'Civil']","['Kannada', 'Gujarati', 'Malayalam']",no,Taran Baral,"['Gour', 'Shroff', 'Kar']",Small Businesses.
1.0,District Court,452,95.0,['Mumbai'],15,"['Civil', 'Medical', 'Consumer Protection']","['Marathi', 'Odia', 'Malayalam']",yes,Tara Loke,"['Bakshi', 'Lata', 'Bassi']",Large Corporations.
3.0,High Court,464,110.0,['Mumbai'],9,"['Medical', 'Immigration', 'Criminal']","['Tamil', 'Marathi', 'Urdu']",no,Kashvi Date,['Bajaj LLC'],Small Businesses.
5.0,District Court,75,101.0,['Bangalore'],17,"['Consumer Protection', 'Human Rights', 'Real Estate']","['Telugu', 'Bengali', 'Odia']",no,Ryan Jaggi,"['Kadakia', 'Sons']",Individuals.
5.0,District Court,419,80.0,['Chennai'],14,"['Tax', 'Constitutional', 'Human Rights']","['Punjabi', 'Hindi', 'Malayalam']",yes,Vivaan Sarna,['Boase-Kant'],Large Corporations.
4.0,Specialized Court,67,108.0,['Kolkata'],15,"['Civil', 'Constitutional', 'Human Rights']","['Kannada', 'Odia']",no,Navya Shukla,['Grewal Ltd'],Individuals.
3.0,Specialized Court,215,86.0,['Chennai'],1,"['Human Rights', 'Immigration', 'Media and Entertainment']","['Gujarati', 'Marathi', 'Tamil']",no,Damini Sinha,['Atwal Group'],Large Corporations.
5.0,High Court,294,72.0,['Mumbai'],21,"['Medical', 'Consumer Protection', 'Real Estate']","['Telugu', 'Kannada', 'Hindi']",no,Kimaya Hayer,['Rao Group'],Individuals.
,District Court,117,,['Delhi'],22,"['Civil', 'Media and Entertainment', 'Immigration']","['Kannada', 'Marathi', 'Tamil']",no,Azad Vala,['Shah Inc'],Small Businesses.
4.0,Specialized Court,386,112.0,['Bangalore'],22,"['Medical', 'Labor', 'Tax']","['Telugu', 'Assamese', 'Urdu']",no,Lakshit Shankar,['Bose-Sachdev'],Large Corporations.
1.0,Supreme Court,54,93.0,['Delhi'],3,"['Constitutional', 'Medical', 'Intellectual Property']","['Marathi', 'Urdu', 'Malayalam']",no,Charvi Rao,['Bhatnagar PLC'],Large Corporations.
4.0,District Court,126,91.0,['Kolkata'],16,"['Criminal', 'Criminal', 'Real Estate']","['Assamese', 'Kannada', 'Gujarati']",no,Anaya Arora,['Sama-Shere'],Large Corporations.
2.0,Supreme Court,311,115.0,['Chennai'],23,"['Tax', 'Real Estate', 'Medical']","['Bengali', 'Gujarati', 'Tamil']",no,Ira Kannan,"['Koshy', 'Kala', 'Gaba']",Small Businesses.
3.0,High Court,371,69.0,['Kolkata'],25,"['Human Rights', 'Corporate', 'Family']","['Assamese', 'Telugu', 'Hindi']",yes,Yasmin Dutta,['Kant-Venkataraman'],Individuals.
1.0,District Court,462,71.0,['Delhi'],11,"['Tax', 'Family', 'Media and Entertainment']","['Marathi', 'Urdu', 'Malayalam']",no,Mehul Basu,['Bedi-Keer'],Small Businesses.
1.0,High Court,367,66.0,['Chennai'],12,"['Constitutional', 'Medical', 'Intellectual Property']","['Kannada', 'Odia', 'Punjabi']",yes,Fateh Char,['Tata-Ramakrishnan'],Small Businesses.
3.0,High Court,352,96.0,['Hyderabad'],10,"['Real Estate', 'Constitutional', 'Medical']","['Tamil', 'Gujarati', 'Urdu']",no,Hunar Mandal,['Wadhwa Inc'],Small Businesses.
4.0,High Court,227,93.0,['Hyderabad'],16,"['Real Estate', 'Civil', 'Constitutional']","['Bengali', 'Tamil']",no,Anaya Sathe,['Dasgupta PLC'],Individuals.
,High Court,51,,['Kolkata'],8,"['Real Estate', 'Labor', 'Medical']","['Kannada', 'Odia', 'Malayalam']",no,Vidur Bhakta,"['Doctor', 'Sons']",Small Businesses.
4.0,High Court,104,94.0,['Hyderabad'],6,"['Intellectual Property', 'Family', 'Constitutional']","['Punjabi', 'Odia']",yes,Manjari Brahmbhatt,['Kara PLC'],Large Corporations.
2.0,District Court,291,84.0,['Hyderabad'],12,"['Civil', 'Banking and Finance', 'Civil']","['Telugu', 'Urdu', 'Tamil']",no,Anay Kumar,"['Saxena', 'Rajagopalan', 'Bajwa']",Small Businesses.
5.0,Supreme Court,354,91.0,['Mumbai'],24,"['Intellectual Property', 'Banking and Finance', 'Intellectual Property']","['Kannada', 'Marathi']",no,Samar Kothari,"['Bakshi', 'Atwal', 'Venkataraman']",Individuals.
4.0,District Court,238,92.0,['Hyderabad'],28,"['Criminal', 'Media and Entertainment', 'Family']","['Gujarati', 'Marathi', 'Urdu']",yes,Ahana  Kakar,"['Bala', 'Ranganathan', 'Basu']",Large Corporations.
3.0,District Court,379,65.0,['Mumbai'],21,"['Consumer Protection', 'Real Estate', 'Medical']","['Bengali', 'Marathi']",no,Nirvaan Chanda,['Kara-Rajagopalan'],Individuals.
2.0,District Court,285,131.0,['Bangalore'],8,"['Constitutional', 'Banking and Finance', 'Civil']","['Kannada', 'Marathi', 'Urdu']",no,Nirvaan Kapur,"['Sama', 'Sha', 'Ganesh']",Small Businesses.
2.0,Specialized Court,83,98.0,['Mumbai'],26,"['Human Rights', 'Medical', 'Environmental']","['Odia', 'Tamil', 'Malayalam']",no,Jayan Kunda,['Arora-Thakkar'],Individuals.
2.0,Specialized Court,136,94.0,['Mumbai'],28,"['Tax', 'Intellectual Property', 'Consumer Protection']","['Marathi', 'Urdu', 'Hindi']",no,Manikya Shankar,['Yogi Inc'],Large Corporations.
5.0,District Court,428,100.0,['Delhi'],4,"['Medical', 'Environmental', 'Banking and Finance']","['Kannada', 'Telugu', 'Gujarati']",yes,Saanvi Issac,['Dua-Deshmukh'],Individuals.
,Supreme Court,376,,['Mumbai'],26,"['Environmental', 'Corporate', 'Media and Entertainment']","['Kannada', 'Gujarati', 'Odia']",no,Jivika Badami,"['Roy', 'Ravel', 'Datta']",Large Corporations.
5.0,District Court,453,88.0,['Mumbai'],8,"['Human Rights', 'Constitutional', 'Banking and Finance']","['Gujarati', 'Tamil']",yes,Abram Sachar,[],Large Corporations.
4.0,High Court,103,81.0,['Delhi'],26,"['Civil', 'Corporate', 'Immigration']","['Telugu', 'Kannada', 'Tamil']",no,Ishita Mahajan,"['Madan', 'Dhar', 'Gaba']",Small Businesses.
1.0,Specialized Court,496,99.0,['Mumbai'],28,"['Intellectual Property', 'Banking and Finance', 'Media and Entertainment']","['Punjabi', 'Hindi']",no,Ritvik Brar,['Jayaraman Group'],Small Businesses.
4.0,Specialized Court,144,96.0,['Hyderabad'],18,"['Intellectual Property', 'Consumer Protection', 'Intellectual Property']","['Kannada', 'Gujarati', 'Hindi']",no,Tushar Dubey,['Aggarwal-Srinivas'],Large Corporations.
1.0,District Court,55,78.0,['Mumbai'],28,"['Immigration', 'Human Rights', 'Tax']","['Gujarati', 'Tamil']",no,Nayantara Dugar,['Dhingra-Thaman'],Individuals.
5.0,District Court,499,112.0,['Bangalore'],28,"['Intellectual Property', 'Human Rights', 'Constitutional']","['Punjabi', 'Kannada', 'Gujarati']",yes,Rohan Dara,['Ram-Khurana'],Large Corporations.
2.0,Supreme Court,176,95.0,['Mumbai'],5,"['Consumer Protection', 'Media and Entertainment', 'Media and Entertainment']","['Punjabi', 'Telugu', 'Urdu']",no,Yuvaan Atwal,['Ghose-Hayer'],Small Businesses.
3.0,Supreme Court,351,101.0,['Mumbai'],9,"['Labor', 'Family', 'Banking and Finance']","['Bengali', 'Gujarati', 'Hindi']",yes,Amira Sharaf,"['Ravi', 'Sons']",Individuals.
2.0,High Court,130,111.0,['Bangalore'],4,"['Tax', 'Human Rights', 'Constitutional']","['Assamese', 'Gujarati', 'Malayalam']",no,Alisha Tailor,['Sidhu-Ganesh'],Large Corporations.
,District Court,311,,['Delhi'],27,"['Labor', 'Human Rights', 'Corporate']","['Punjabi', 'Odia']",no,Anvi Rattan,"['Varty', 'Sons']",Small Businesses.
1.0,District Court,457,95.0,['Hyderabad'],22,"['Medical', 'Corporate', 'Consumer Protection']","['Bengali', 'Hindi']",yes,Yasmin Shankar,"['Ramakrishnan', 'Mann', 'Bhavsar']",Large Corporations.
2.0,District Court,194,103.0,['Mumbai'],17,"['Tax', 'Environmental', 'Media and Entertainment']","['Punjabi', 'Gujarati', 'Malayalam']",no,Dishani Krishnan,"['Hayre', 'Golla', 'Maharaj']",Large Corporations.
5.0,Specialized Court,352,80.0,['Hyderabad'],9,"['Constitutional', 'Intellectual Property', 'Consumer Protection']","['Bengali', 'Urdu', 'Malayalam']",yes,Taimur Gour,"['Khosla', 'Bhargava', 'Ramach', 'ran']",Large Corporations.
4.0,High Court,135,91.0,['Kolkata'],1,"['Tax', 'Media and Entertainment', 'Banking and Finance']","['Punjabi', 'Telugu', 'Odia']",yes,Neysa Balay,['Yogi-Bir'],Individuals.
3.0,Supreme Court,331,92.0,['Hyderabad'],21,"['Labor', 'Family', 'Civil']","['Kannada', 'Bengali', 'Gujarati']",no,Madhav Ratta,"['Chadha', 'Bhatia', 'Singh']",Small Businesses.
2.0,Specialized Court,201,76.0,['Delhi'],20,"['Human Rights', 'Constitutional', 'Criminal']","['Punjabi', 'Marathi', 'Odia']",yes,Rohan Rastogi,"['Ch', 'a-Dara']",Small Businesses.
1.0,Specialized Court,145,125.0,['Delhi'],13,"['Tax', 'Criminal', 'Criminal']","['Kannada', 'Bengali', 'Gujarati']",yes,Anika Johal,"['Samra', 'Bhargava', 'Krish']",Large Corporations.
4.0,Specialized Court,191,69.0,['Mumbai'],28,"['Constitutional', 'Civil', 'Civil']","['Marathi', 'Gujarati', 'Urdu']",no,Tara Dara,['Saini PLC'],Large Corporations.
5.0,Specialized Court,130,71.0,['Bangalore'],16,"['Constitutional', 'Family', 'Medical']","['Bengali', 'Tamil']",yes,Lagan Majumdar,"['Shetty', 'Korpal', 'Din']",Large Corporations.
,High Court,456,,['Delhi'],29,"['Media and Entertainment', 'Tax', 'Medical']","['Telugu', 'Assamese', 'Hindi']",no,Aarav Madan,['Jayaraman Ltd'],Individuals.
1.0,District Court,229,101.0,['Bangalore'],13,"['Criminal', 'Consumer Protection', 'Tax']","['Bengali', 'Telugu', 'Hindi']",no,Renee Goda,['Lala-Soman'],Small Businesses.
5.0,Supreme Court,160,75.0,['Kolkata'],14,"['Tax', 'Media and Entertainment', 'Labor']","['Gujarati', 'Odia', 'Malayalam']",yes,Ivana Gera,['Agrawal-Barman'],Large Corporations.
5.0,Supreme Court,252,100.0,['Bangalore'],3,"['Environmental', 'Intellectual Property', 'Civil']","['Kannada', 'Telugu', 'Tamil']",no,Vritika Varma,"['Mallick', 'Sastry', 'Badami']",Small Businesses.
2.0,Specialized Court,194,113.0,['Chennai'],29,"['Immigration', 'Consumer Protection', 'Tax']","['Kannada', 'Assamese']",yes,Ojas Rana,['Ravel-Datta'],Large Corporations.
2.0,Specialized Court,385,90.0,['Bangalore'],6,"['Real Estate', 'Family', 'Immigration']","['Punjabi', 'Tamil', 'Urdu']",no,Kimaya Bhatt,['Sarna-Dhar'],Small Businesses.
1.0,High Court,487,129.0,['Delhi'],18,"['Family', 'Family', 'Constitutional']","['Marathi', 'Hindi', 'Urdu']",no,Seher Gupta,"['Kalita', 'Iyer', 'Subramanian']",Large Corporations.
5.0,Specialized Court,247,65.0,['Bangalore'],19,"['Constitutional', 'Tax', 'Family']","['Tamil', 'Odia', 'Urdu']",no,Charvi Atwal,['Aggarwal PLC'],Individuals.
2.0,Supreme Court,437,101.0,['Bangalore'],5,"['Corporate', 'Human Rights', 'Labor']","['Hindi', 'Odia', 'Urdu']",no,Khushi Thaker,"['Bhavsar', 'Tata', 'Kumer']",Large Corporations.
3.0,Supreme Court,305,108.0,['Chennai'],15,"['Real Estate', 'Constitutional', 'Intellectual Property']","['Kannada', 'Urdu']",no,Elakshi Thaman,['Dada Group'],Large Corporations.
,District Court,121,,['Chennai'],25,"['Consumer Protection', 'Medical', 'Human Rights']","['Telugu', 'Tamil', 'Punjabi']",yes,Reyansh Kohli,['Kumer PLC'],Large Corporations.
5.0,District Court,361,87.0,['Mumbai'],2,"['Civil', 'Medical', 'Labor']","['Assamese', 'Marathi', 'Tamil']",no,Ranbir Contractor,['Dasgupta LLC'],Large Corporations.
2.0,Supreme Court,281,86.0,['Delhi'],10,"['Tax', 'Consumer Protection', 'Media and Entertainment']","['Telugu', 'Urdu', 'Malayalam']",no,Prerak Shenoy,['Amble Inc'],Large Corporations.
1.0,Supreme Court,343,97.0,['Mumbai'],24,"['Labor', 'Family', 'Family']","['Assamese', 'Urdu']",yes,Samiha Toor,['Raman-Bassi'],Small Businesses.
1.0,High Court,450,103.0,['Chennai'],18,"['Family', 'Civil', 'Corporate']","['Hindi', 'Odia', 'Urdu']",no,Kashvi Kuruvilla,['Sama-Dhar'],Small Businesses.
1.0,High Court,248,100.0,['Bangalore'],27,"['Corporate', 'Corporate', 'Consumer Protection']","['Kannada', 'Telugu', 'Odia']",yes,Jivin Virk,"['Barman', 'Kale', 'Datta']",Individuals.
3.0,Supreme Court,456,106.0,['Chennai'],13,"['Real Estate', 'Constitutional', 'Constitutional']","['Punjabi', 'Assamese', 'Tamil']",yes,Mannat Joshi,['Dube PLC'],Large Corporations.
2.0,Specialized Court,388,75.0,['Kolkata'],5,"['Tax', 'Civil', 'Criminal']","['Marathi', 'Urdu']",no,Zeeshan Varghese,['Venkataraman-Rau'],Small Businesses.
2.0,District Court,270,87.0,['Bangalore'],23,"['Criminal', 'Banking and Finance', 'Medical']","['Bengali', 'Marathi', 'Malayalam']",yes,Advika Sarraf,['Khatri-Gala'],Small Businesses.
3.0,Supreme Court,321,76.0,['Mumbai'],24,"['Civil', 'Constitutional', 'Tax']","['Kannada', 'Telugu', 'Malayalam']",yes,Badal Bansal,['Vyas-Basu'],Large Corporations.
,Specialized Court,197,,['Bangalore'],1,"['Family', 'Banking and Finance', 'Medical']","['Kannada', 'Assamese', 'Odia']",no,Bhamini Boase,['Varma-Rana'],Large Corporations.
1.0,Supreme Court,493,106.0,['Kolkata'],22,"['Immigration', 'Civil', 'Medical']","['Assamese', 'Urdu']",no,Kabir Shukla,"['Ben', 'Sahni', 'Yogi']",Individuals.
5.0,District Court,350,92.0,['Chennai'],1,"['Medical', 'Environmental', 'Medical']","['Assamese', 'Malayalam']",yes,Tara Ganesh,"['Chaudhary', 'Venkataraman', 'Lala']",Individuals.
4.0,District Court,70,130.0,['Delhi'],18,"['Criminal', 'Intellectual Property', 'Civil']","['Urdu', 'Malayalam']",no,Aarna Iyer,"['Rout', 'Sons']",Small Businesses.
2.0,High Court,197,93.0,['Hyderabad'],15,"['Corporate', 'Human Rights', 'Civil']","['Kannada', 'Hindi', 'Tamil']",no,Indrajit Deshpande,['Wali-Shukla'],Individuals.
2.0,High Court,330,91.0,['Delhi'],17,"['Consumer Protection', 'Civil', 'Human Rights']","['Marathi', 'Odia']",yes,Tiya Cherian,"['Thakur', 'Deshp', 'e', 'Lal']",Small Businesses.
2.0,High Court,75,92.0,['Delhi'],11,"['Family', 'Immigration', 'Criminal']","['Marathi', 'Hindi', 'Tamil']",no,Indrans Buch,['Hari PLC'],Individuals.
4.0,High Court,61,81.0,['Chennai'],21,"['Criminal', 'Civil', 'Media and Entertainment']","['Bengali', 'Gujarati', 'Odia']",yes,Manikya Kapoor,['Chawla Group'],Large Corporations.
5.0,District Court,253,90.0,['Delhi'],26,"['Civil', 'Criminal', 'Labor']","['Bengali', 'Hindi']",yes,Dishani Basu,['Acharya-Chacko'],Individuals.
4.0,Specialized Court,200,107.0,['Kolkata'],25,"['Immigration', 'Criminal', 'Constitutional']","['Telugu', 'Hindi']",no,Nitya Bhatia,['Baral Ltd'],Small Businesses.
,Specialized Court,247,,['Chennai'],22,"['Criminal', 'Labor', 'Real Estate']","['Kannada', 'Telugu', 'Malayalam']",no,Madhup Lad,"['Iyengar', 'Sons']",Individuals.
1.0,Specialized Court,168,79.0,['Delhi'],27,"['Intellectual Property', 'Banking and Finance', 'Tax']","['Kannada', 'Hindi', 'Tamil']",no,Adira Gade,"['Bhalla', 'Kala', 'Kadakia']",Small Businesses.
2.0,Supreme Court,124,77.0,['Hyderabad'],27,"['Media and Entertainment', 'Immigration', 'Environmental']","['Bengali', 'Hindi', 'Malayalam']",yes,Alia Tank,"['Vaidya', 'Arora', 'Singhal']",Small Businesses.
3.0,High Court,360,84.0,['Mumbai'],17,"['Immigration', 'Human Rights', 'Immigration']","['Gujarati', 'Marathi', 'Odia']",yes,Manikya Malhotra,['Rout-Wason'],Individuals.
2.0,High Court,282,92.0,['Chennai'],13,"['Medical', 'Immigration', 'Family']","['Kannada', 'Hindi', 'Tamil']",yes,Trisha Bera,['Wali Ltd'],Individuals.
3.0,District Court,140,108.0,['Chennai'],1,"['Corporate', 'Corporate', 'Human Rights']","['Marathi', 'Gujarati', 'Odia']",no,Aarna Deo,"['Brahmbhatt', 'Kant', 'Hari']",Small Businesses.
4.0,District Court,194,70.0,['Bangalore'],2,"['Consumer Protection', 'Immigration', 'Media and Entertainment']","['Bengali', 'Tamil', 'Urdu']",yes,Aaryahi Lall,['Divan-Sarma'],Large Corporations.
1.0,Supreme Court,316,86.0,['Delhi'],9,"['Civil', 'Corporate', 'Labor']","['Gujarati', 'Hindi', 'Tamil']",yes,Vidur Ahluwalia,"['Raval', 'Bhat', 'Bassi']",Individuals.
3.0,Supreme Court,83,93.0,['Mumbai'],3,"['Media and Entertainment', 'Labor', 'Medical']","['Punjabi', 'Gujarati', 'Urdu']",yes,Pranay Balasubramanian,"['Comar', 'Khare', 'Shah']",Small Businesses.
4.0,Specialized Court,116,63.0,['Hyderabad'],1,"['Environmental', 'Labor', 'Consumer Protection']","['Punjabi', 'Bengali', 'Marathi']",yes,Sahil Taneja,['Shukla-Deo'],Large Corporations.
,District Court,83,,['Kolkata'],21,"['Tax', 'Intellectual Property', 'Consumer Protection']","['Telugu', 'Gujarati']",no,Dhanuk Wadhwa,"['Char', 'Majumdar', 'Bali']",Small Businesses.
3.0,High Court,416,80.0,['Chennai'],16,"['Labor', 'Medical', 'Intellectual Property']","['Telugu', 'Hindi', 'Tamil']",yes,Aniruddh Sarma,"['Lalla', 'Thakur', 'Arya']",Individuals.
2.0,Specialized Court,389,79.0,['Kolkata'],23,"['Banking and Finance', 'Criminal', 'Corporate']","['Marathi', 'Tamil']",no,Vardaniya Balay,['Raj-Dube'],Small Businesses.
2.0,High Court,389,93.0,['Kolkata'],6,"['Human Rights', 'Civil', 'Consumer Protection']","['Punjabi', 'Urdu', 'Malayalam']",yes,Anay Mall,['Shan LLC'],Small Businesses.
2.0,Specialized Court,372,88.0,['Kolkata'],28,"['Human Rights', 'Civil', 'Civil']","['Kannada', 'Urdu', 'Malayalam']",yes,Sumer Dave,"['Wadhwa', 'Sons']",Small Businesses.
4.0,High Court,351,82.0,['Bangalore'],17,"['Labor', 'Media and Entertainment', 'Labor']","['Assamese', 'Kannada', 'Gujarati']",yes,Neelofar Sarna,"['Lala-Ch', 'a']",Individuals.
2.0,Supreme Court,265,97.0,['Kolkata'],5,"['Banking and Finance', 'Banking and Finance', 'Corporate']","['Kannada', 'Marathi', 'Odia']",no,Hansh Buch,['Baral Inc'],Large Corporations.
5.0,Specialized Court,339,116.0,['Delhi'],5,"['Labor', 'Tax', 'Media and Entertainment']","['Punjabi', 'Telugu', 'Gujarati']",no,Purab Deo,['Iyer-Deep'],Large Corporations.
1.0,High Court,67,115.0,['Delhi'],6,"['Family', 'Tax', 'Family']","['Assamese', 'Marathi', 'Malayalam']",no,Sumer Gandhi,"['Singhal', 'Tank', 'Kale']",Large Corporations.
4.0,High Court,330,62.0,['Mumbai'],3,"['Media and Entertainment', 'Real Estate', 'Media and Entertainment']","['Hindi', 'Odia', 'Malayalam']",yes,Hansh Sharaf,['Saxena Inc'],Large Corporations.
,District Court,400,,['Mumbai'],21,"['Corporate', 'Constitutional', 'Civil']","['Bengali', 'Hindi', 'Odia']",yes,Bhavin Vig,"['Rattan', 'Salvi', 'Khatri']",Individuals.
1.0,Specialized Court,275,88.0,['Hyderabad'],23,"['Civil', 'Intellectual Property', 'Civil']","['Hindi', 'Odia']",no,Baiju Dua,['Ganesh Ltd'],Small Businesses.
3.0,High Court,211,93.0,['Kolkata'],5,"['Immigration', 'Real Estate', 'Real Estate']","['Assamese', 'Hindi']",yes,Adira Khalsa,"['Ganguly-R', 'hawa']",Large Corporations.
2.0,District Court,175,85.0,['Kolkata'],21,"['Family', 'Real Estate', 'Environmental']","['Bengali', 'Punjabi']",yes,Aaryahi Chowdhury,['Gill-Khatri'],Large Corporations.
1.0,High Court,339,92.0,['Bangalore'],5,"['Corporate', 'Media and Entertainment', 'Labor']","['Punjabi', 'Hindi', 'Urdu']",no,Taimur Shah,"['Kapoor', 'Keer', 'Ramach', 'ran']",Individuals.
5.0,Specialized Court,362,93.0,['Kolkata'],10,"['Tax', 'Family', 'Media and Entertainment']","['Bengali', 'Marathi']",yes,Aniruddh Dugar,"['B', 'i', 'Ravel', 'Dass']",Small Businesses.
3.0,Supreme Court,442,82.0,['Kolkata'],10,"['Intellectual Property', 'Banking and Finance', 'Banking and Finance']","['Punjabi', 'Bengali', 'Assamese']",yes,Mannat Acharya,"['Dave', 'Chada', 'Atwal']",Small Businesses.
5.0,Specialized Court,204,77.0,['Kolkata'],19,"['Human Rights', 'Family', 'Constitutional']","['Odia', 'Urdu', 'Malayalam']",yes,Suhana Kohli,['Ray-Sule'],Large Corporations.
1.0,Specialized Court,396,84.0,['Chennai'],17,"['Civil', 'Consumer Protection', 'Human Rights']","['Assamese', 'Gujarati', 'Marathi']",no,Taran Bajwa,"['Bala', 'Kamdar', 'Kade']",Large Corporations.
5.0,High Court,303,94.0,['Chennai'],21,"['Labor', 'Banking and Finance', 'Human Rights']","['Marathi', 'Odia', 'Urdu']",yes,Yakshit Gala,"['Bhatti', 'Sons']",Small Businesses.
,High Court,447,,['Bangalore'],14,"['Criminal', 'Real Estate', 'Criminal']","['Telugu', 'Kannada', 'Marathi']",no,Faiyaz Dasgupta,"['Dube', 'Khare', 'Butala']",Individuals.
1.0,Specialized Court,288,103.0,['Bangalore'],9,"['Environmental', 'Immigration', 'Criminal']","['Gujarati', 'Odia', 'Urdu']",yes,Jhanvi Gade,['Bava PLC'],Small Businesses.
5.0,District Court,283,83.0,['Delhi'],14,"['Civil', 'Constitutional', 'Immigration']","['Bengali', 'Kannada', 'Malayalam']",no,Diya Arya,['Sankar-Rattan'],Small Businesses.
1.0,District Court,310,95.0,['Bangalore'],1,"['Constitutional', 'Medical', 'Intellectual Property']","['Hindi', 'Odia', 'Tamil']",no,Rasha Ranganathan,['Reddy-Sibal'],Large Corporations.
2.0,District Court,387,105.0,['Hyderabad'],19,"['Consumer Protection', 'Intellectual Property', 'Corporate']","['Assamese', 'Kannada', 'Gujarati']",no,Akarsh Bansal,"['Vyas', 'Bhatia', 'Samra']",Individuals.
1.0,High Court,484,108.0,['Delhi'],13,"['Banking and Finance', 'Banking and Finance', 'Human Rights']","['Punjabi', 'Hindi', 'Tamil']",no,Kabir Rajagopal,['Shan-Grewal'],Individuals.
4.0,High Court,83,90.0,['Kolkata'],13,"['Corporate', 'Medical', 'Labor']","['Kannada', 'Hindi', 'Punjabi']",yes,Raghav Mahajan,"['Hegde', 'Sons']",Individuals.
1.0,Specialized Court,74,87.0,['Bangalore'],4,"['Real Estate', 'Real Estate', 'Consumer Protection']","['Punjabi', 'Marathi', 'Odia']",no,Anahi Dar,['Baral-Das'],Large Corporations.
4.0,Supreme Court,472,93.0,['Hyderabad'],1,"['Tax', 'Human Rights', 'Tax']","['Punjabi', 'Kannada', 'Marathi']",yes,Shalv Lata,['Koshy-Keer'],Individuals.
1.0,High Court,288,73.0,['Bangalore'],17,"['Intellectual Property', 'Environmental', 'Banking and Finance']","['Bengali', 'Hindi']",yes,Sumer Gara,['Bhasin-Kashyap'],Individuals.
,Specialized Court,327,,['Bangalore'],8,"['Tax', 'Civil', 'Medical']","['Punjabi', 'Bengali', 'Urdu']",no,Nayantara Sama,['Bir-Kalla'],Large Corporations.
5.0,Specialized Court,267,102.0,['Delhi'],2,"['Media and Entertainment', 'Constitutional', 'Intellectual Property']","['Punjabi', 'Assamese', 'Odia']",yes,Samar Bhatnagar,"['Sura', 'Chowdhury', 'Shere']",Small Businesses.
2.0,Supreme Court,92,100.0,['Delhi'],28,"['Civil', 'Family', 'Real Estate']","['Bengali', 'Telugu', 'Assamese']",yes,Adah Dara,"['Kari-M', 'a']",Individuals.
2.0,District Court,396,86.0,['Mumbai'],8,"['Human Rights', 'Consumer Protection', 'Consumer Protection']","['Kannada', 'Gujarati', 'Malayalam']",yes,Samar Roy,"['Divan', 'Biswas', 'Bahl']",Small Businesses.
3.0,Specialized Court,386,94.0,['Delhi'],7,"['Banking and Finance', 'Civil', 'Civil']","['Telugu', 'Odia', 'Tamil']",yes,Damini Shanker,['Bhattacharyya Group'],Individuals.
5.0,Specialized Court,190,78.0,['Delhi'],26,"['Real Estate', 'Medical', 'Constitutional']","['Kannada', 'Hindi']",no,Amira Lall,['Sengupta LLC'],Small Businesses.
5.0,Specialized Court,188,101.0,['Chennai'],26,"['Constitutional', 'Banking and Finance', 'Labor']","['Telugu', 'Marathi', 'Odia']",yes,Yakshit Deshmukh,"['Sundaram', 'Lalla', 'Gour']",Small Businesses.
2.0,District Court,427,89.0,['Bangalore'],2,"['Immigration', 'Family', 'Human Rights']","['Kannada', 'Odia', 'Urdu']",yes,Saira Loke,['Tailor Inc'],Large Corporations.
5.0,District Court,83,86.0,['Delhi'],22,"['Criminal', 'Family', 'Media and Entertainment']","['Telugu', 'Gujarati', 'Hindi']",yes,Heer Dixit,['Gaba-Krishnan'],Large Corporations.
2.0,Supreme Court,446,85.0,['Bangalore'],22,"['Real Estate', 'Constitutional', 'Environmental']","['Punjabi', 'Assamese', 'Odia']",yes,Aniruddh Balay,['Maharaj Ltd'],Individuals.
,High Court,165,,['Bangalore'],3,"['Corporate', 'Family', 'Intellectual Property']","['Assamese', 'Marathi', 'Hindi']",no,Mohanlal Sane,"['Saini', 'Tank', 'Cheema']",Individuals.
1.0,District Court,317,84.0,['Chennai'],27,"['Labor', 'Medical', 'Medical']","['Bengali', 'Urdu', 'Tamil']",no,Miraya Rout,"['Bhardwaj', 'Sons']",Large Corporations.
2.0,High Court,471,100.0,['Bangalore'],18,"['Constitutional', 'Environmental', 'Intellectual Property']","['Assamese', 'Gujarati']",yes,Aaina Sani,['Chawla-Ravel'],Individuals.
2.0,High Court,355,85.0,['Hyderabad'],12,"['Criminal', 'Labor', 'Constitutional']","['Telugu', 'Marathi', 'Urdu']",no,Neelofar Acharya,['Jha-Hayre'],Individuals.
4.0,District Court,236,114.0,['Delhi'],1,"['Environmental', 'Consumer Protection', 'Consumer Protection']","['Kannada', 'Marathi', 'Urdu']",yes,Ritvik Kamdar,['Suresh-Lad'],Large Corporations.
5.0,Specialized Court,360,112.0,['Bangalore'],22,"['Intellectual Property', 'Criminal', 'Immigration']","['Marathi', 'Tamil', 'Hindi']",no,Uthkarsh Doctor,['Kulkarni-Chaudhuri'],Small Businesses.
5.0,Supreme Court,205,77.0,['Mumbai'],12,"['Labor', 'Medical', 'Banking and Finance']","['Bengali', 'Malayalam']",yes,Manjari Kumer,"['Bhargava', 'Kari', 'Chaudhry']",Individuals.
2.0,High Court,175,92.0,['Mumbai'],5,"['Civil', 'Labor', 'Corporate']","['Assamese', 'Bengali', 'Punjabi']",yes,Dharmajan Chaudhari,['Contractor PLC'],Large Corporations.
1.0,Specialized Court,499,81.0,['Chennai'],27,"['Real Estate', 'Medical', 'Consumer Protection']","['Bengali', 'Gujarati']",no,Ehsaan Mahajan,"['An', 'PLC']",Individuals.
1.0,District Court,388,86.0,['Hyderabad'],25,"['Human Rights', 'Criminal', 'Corporate']","['Punjabi', 'Odia', 'Urdu']",no,Shlok Subramaniam,['Bhattacharyya-Chaudhary'],Individuals.
,High Court,340,,['Delhi'],17,"['Criminal', 'Tax', 'Human Rights']",['Malayalam'],no,Piya Chakrabarti,['Shukla-Shanker'],Large Corporations.
5.0,High Court,210,86.0,['Chennai'],16,"['Consumer Protection', 'Human Rights', 'Intellectual Property']","['Kannada', 'Gujarati', 'Punjabi']",yes,Heer Bhatti,"['Doshi', 'Sons']",Large Corporations.
4.0,High Court,72,96.0,['Mumbai'],15,"['Family', 'Tax', 'Family']","['Bengali', 'Malayalam']",no,Ryan Barad,['Chad-Barad'],Individuals.
2.0,Specialized Court,64,99.0,['Hyderabad'],23,"['Consumer Protection', 'Family', 'Media and Entertainment']","['Punjabi', 'Kannada', 'Tamil']",no,Shaan Dhar,"['Kalita', 'Walla', 'Sant']",Individuals.
3.0,Specialized Court,299,75.0,['Delhi'],15,"['Immigration', 'Media and Entertainment', 'Intellectual Property']","['Kannada', 'Urdu', 'Tamil']",no,Rhea Solanki,['Atwal-Karan'],Small Businesses.
4.0,Specialized Court,393,78.0,['Bangalore'],5,"['Consumer Protection', 'Intellectual Property', 'Media and Entertainment']","['Assamese', 'Marathi', 'Hindi']",yes,Aniruddh Gopal,['Madan-Khare'],Small Businesses.
3.0,High Court,292,72.0,['Delhi'],21,"['Environmental', 'Intellectual Property', 'Human Rights']","['Punjabi', 'Hindi']",yes,Hrishita Iyengar,"['Saha', 'Kala', 'Buch']",Large Corporations.
4.0,High Court,428,77.0,['Kolkata'],14,"['Media and Entertainment', 'Criminal', 'Intellectual Property']","['Telugu', 'Marathi', 'Gujarati']",yes,Neysa Bhattacharyya,['Gour-Varghese'],Individuals.
1.0,Supreme Court,65,48.0,['Delhi'],2,"['Immigration', 'Civil', 'Constitutional']","['Telugu', 'Bengali', 'Punjabi']",no,Divit Mannan,"['Dhingra', 'Deep', 'Rau']",Large Corporations.
5.0,Supreme Court,215,99.0,['Bangalore'],11,"['Constitutional', 'Constitutional', 'Civil']","['Telugu', 'Assamese', 'Odia']",yes,Ojas Rajagopal,"['Toor', 'Solanki', 'B', 'i']",Large Corporations.
,Specialized Court,157,,['Kolkata'],19,"['Intellectual Property', 'Family', 'Constitutional']","['Telugu', 'Hindi', 'Urdu']",no,Yuvraj  Seshadri,"['Uppal', 'Sons']",Individuals.
4.0,Specialized Court,251,93.0,['Hyderabad'],7,"['Constitutional', 'Constitutional', 'Banking and Finance']","['Assamese', 'Bengali', 'Odia']",yes,Neysa Bassi,['Borra PLC'],Small Businesses.
5.0,District Court,83,69.0,['Chennai'],6,"['Family', 'Labor', 'Labor']","['Telugu', 'Marathi', 'Odia']",yes,Urvi Hayre,"['Shah', 'Sinha', 'Magar']",Large Corporations.
3.0,Specialized Court,479,81.0,['Hyderabad'],28,"['Corporate', 'Intellectual Property', 'Intellectual Property']","['Marathi', 'Hindi', 'Urdu']",no,Hiran Bali,['Gill-Varma'],Large Corporations.
2.0,Supreme Court,150,84.0,['Delhi'],2,"['Intellectual Property', 'Immigration', 'Banking and Finance']","['Bengali', 'Tamil', 'Malayalam']",yes,Aniruddh Khanna,['Ben Ltd'],Individuals.
4.0,Supreme Court,465,75.0,['Chennai'],6,"['Consumer Protection', 'Consumer Protection', 'Media and Entertainment']",['Kannada'],no,Divyansh Lala,['Halder-Dara'],Small Businesses.
2.0,Supreme Court,242,103.0,['Delhi'],18,"['Human Rights', 'Labor', 'Corporate']","['Assamese', 'Tamil', 'Punjabi']",no,Rati Chaudhary,['Dubey-Chada'],Small Businesses.
1.0,High Court,493,103.0,['Mumbai'],2,"['Tax', 'Media and Entertainment', 'Tax']","['Gujarati', 'Tamil', 'Malayalam']",no,Jiya Lad,"['Vig', 'Bath', 'Wadhwa']",Individuals.
2.0,High Court,299,73.0,['Mumbai'],18,"['Corporate', 'Human Rights', 'Corporate']","['Assamese', 'Gujarati', 'Malayalam']",no,Jivin Ramakrishnan,['Dube-Sidhu'],Large Corporations.
2.0,Specialized Court,469,101.0,['Bangalore'],15,"['Intellectual Property', 'Consumer Protection', 'Media and Entertainment']","['Assamese', 'Urdu', 'Malayalam']",no,Stuvan Dora,"['Bawa', 'Sons']",Individuals.
,District Court,52,,['Hyderabad'],27,"['Intellectual Property', 'Environmental', 'Environmental']","['Telugu', 'Hindi', 'Tamil']",no,Mannat Devan,"['Devan', 'Sarkar', 'Bhalla']",Individuals.
1.0,District Court,387,119.0,['Mumbai'],19,"['Family', 'Labor', 'Consumer Protection']","['Punjabi', 'Kannada', 'Urdu']",yes,Rati Srivastava,"['Wadhwa', 'Cherian', 'Dugar']",Small Businesses.
2.0,District Court,456,133.0,['Kolkata'],2,"['Civil', 'Criminal', 'Criminal']","['Bengali', 'Marathi', 'Malayalam']",no,Lakshay Chander,['Mannan Group'],Large Corporations.
5.0,High Court,113,77.0,['Kolkata'],20,"['Consumer Protection', 'Environmental', 'Environmental']","['Assamese', 'Bengali', 'Gujarati']",yes,Zoya Date,['Guha-Chada'],Large Corporations.
3.0,Supreme Court,93,133.0,['Delhi'],25,"['Family', 'Corporate', 'Medical']","['Marathi', 'Malayalam']",no,Amira Mall,"['Shan-Ramach', 'ran']",Small Businesses.
2.0,Supreme Court,241,85.0,['Chennai'],6,"['Intellectual Property', 'Labor', 'Human Rights']","['Kannada', 'Tamil', 'Malayalam']",yes,Divit Buch,['Bawa-Vasa'],Large Corporations.
1.0,High Court,470,82.0,['Kolkata'],1,"['Criminal', 'Environmental', 'Medical']","['Kannada', 'Hindi', 'Tamil']",no,Neysa Kala,['Seshadri Inc'],Large Corporations.
2.0,District Court,294,95.0,['Delhi'],24,"['Corporate', 'Family', 'Immigration']","['Assamese', 'Kannada', 'Gujarati']",yes,Alia Suri,['Aggarwal PLC'],Individuals.
3.0,District Court,287,82.0,['Chennai'],15,"['Family', 'Consumer Protection', 'Banking and Finance']","['Kannada', 'Gujarati', 'Malayalam']",yes,Onkar Lad,"['Trivedi', 'Apte', 'Vasa']",Individuals.
1.0,Specialized Court,114,96.0,['Mumbai'],28,"['Civil', 'Real Estate', 'Real Estate']","['Bengali', 'Telugu']",no,Yashvi Sami,"['Dalal', 'Sons']",Individuals.
,Specialized Court,50,,['Delhi'],23,"['Banking and Finance', 'Real Estate', 'Labor']","['Hindi', 'Urdu']",no,Kashvi Dugal,"['Mallick', 'Rege', 'Gokhale']",Large Corporations.
1.0,District Court,415,87.0,['Chennai'],10,"['Real Estate', 'Family', 'Medical']","['Marathi', 'Gujarati', 'Urdu']",no,Vritika Loke,['Gupta Ltd'],Large Corporations.
4.0,High Court,89,110.0,['Bangalore'],19,"['Constitutional', 'Medical', 'Labor']","['Assamese', 'Odia', 'Tamil']",no,Piya Gulati,['Thakur Group'],Large Corporations.
1.0,District Court,335,90.0,['Hyderabad'],17,"['Intellectual Property', 'Corporate', 'Medical']","['Assamese', 'Odia']",yes,Ira Devi,['Goel-Ramaswamy'],Large Corporations.
3.0,Specialized Court,462,93.0,['Hyderabad'],5,"['Consumer Protection', 'Human Rights', 'Banking and Finance']","['Gujarati', 'Marathi', 'Hindi']",yes,Mohanlal Kala,"['Choudhry', 'Sheth', 'Wagle']",Small Businesses.
3.0,District Court,144,98.0,['Bangalore'],29,"['Tax', 'Corporate', 'Immigration']","['Punjabi', 'Urdu', 'Malayalam']",no,Rania Bhatt,['Balakrishnan Group'],Small Businesses.
1.0,High Court,349,108.0,['Kolkata'],4,"['Real Estate', 'Criminal', 'Tax']","['Bengali', 'Gujarati', 'Hindi']",no,Kartik Loke,"['Chaudhry', 'Dayal', 'Dave']",Large Corporations.
2.0,Supreme Court,85,66.0,['Hyderabad'],10,"['Immigration', 'Intellectual Property', 'Real Estate']","['Kannada', 'Urdu']",yes,Ryan Kala,['Ganesh-Uppal'],Individuals.
3.0,High Court,322,99.0,['Chennai'],24,"['Human Rights', 'Media and Entertainment', 'Civil']","['Kannada', 'Gujarati', 'Marathi']",no,Ivana Amble,"['Choudhry', 'Aurora', 'Rajan']",Individuals.
4.0,High Court,124,86.0,['Bangalore'],17,"['Human Rights', 'Constitutional', 'Medical']","['Gujarati', 'Odia']",yes,Hridaan Dada,['Raja-Issac'],Small Businesses.
,Specialized Court,381,,['Kolkata'],10,"['Medical', 'Consumer Protection', 'Intellectual Property']",['Kannada'],no,Pari Ben,"['Ch', 'ran', 'Sons']",Small Businesses.
5.0,High Court,186,106.0,['Delhi'],17,"['Medical', 'Corporate', 'Real Estate']","['Bengali', 'Telugu', 'Kannada']",no,Vritika Jha,['Banerjee-Hegde'],Large Corporations.
4.0,High Court,259,73.0,['Delhi'],28,"['Labor', 'Immigration', 'Human Rights']","['Telugu', 'Punjabi']",yes,Tushar Rattan,['Chaudhry Group'],Large Corporations.
5.0,Specialized Court,320,75.0,['Chennai'],20,"['Civil', 'Criminal', 'Human Rights']","['Kannada', 'Odia', 'Malayalam']",yes,Lavanya Kibe,['Chauhan Ltd'],Large Corporations.
1.0,Specialized Court,127,61.0,['Chennai'],24,"['Media and Entertainment', 'Tax', 'Medical']","['Bengali', 'Hindi']",no,Ira Lata,['Venkataraman Inc'],Large Corporations.
1.0,Supreme Court,384,82.0,['Chennai'],5,"['Tax', 'Civil', 'Tax']","['Kannada', 'Assamese', 'Odia']",yes,Taimur Lalla,"['Dyal', 'Wason', 'Borra']",Large Corporations.
1.0,District Court,186,110.0,['Hyderabad'],2,"['Banking and Finance', 'Tax', 'Family']","['Kannada', 'Assamese', 'Marathi']",no,Faiyaz Saxena,['Karpe Inc'],Individuals.
2.0,High Court,348,89.0,['Chennai'],6,"['Banking and Finance', 'Human Rights', 'Criminal']","['Assamese', 'Gujarati', 'Urdu']",yes,Kartik Bhatia,['Kothari Group'],Individuals.
2.0,Specialized Court,121,70.0,['Bangalore'],21,"['Labor', 'Criminal', 'Real Estate']","['Telugu', 'Marathi', 'Malayalam']",no,Jayesh Gara,"['Dutta', 'Walla', 'Borde']",Large Corporations.
5.0,Supreme Court,360,83.0,['Bangalore'],2,"['Civil', 'Consumer Protection', 'Real Estate']","['Telugu', 'Marathi', 'Tamil']",no,Dishani Zacharia,"['Bhalla', 'Sons']",Individuals.
,District Court,108,,['Kolkata'],13,"['Media and Entertainment', 'Environmental', 'Human Rights']","['Telugu', 'Marathi', 'Malayalam']",no,Reyansh Baral,"['Bora', 'Borra', 'Comar']",Large Corporations.
4.0,Specialized Court,241,74.0,['Bangalore'],11,"['Consumer Protection', 'Labor', 'Criminal']","['Punjabi', 'Malayalam']",yes,Drishya Madan,['Sangha-Sachdeva'],Large Corporations.
1.0,District Court,161,96.0,['Hyderabad'],11,"['Criminal', 'Constitutional', 'Intellectual Property']","['Punjabi', 'Assamese']",yes,Navya Ramaswamy,['Bhat PLC'],Small Businesses.
3.0,District Court,387,73.0,['Delhi'],16,"['Media and Entertainment', 'Civil', 'Real Estate']","['Punjabi', 'Kannada', 'Assamese']",yes,Jiya Khalsa,['Kari LLC'],Individuals.
2.0,High Court,168,107.0,['Kolkata'],11,"['Consumer Protection', 'Tax', 'Criminal']","['Punjabi', 'Telugu', 'Assamese']",yes,Shaan Kanda,"['Bedi', 'Goyal', 'Kapadia']",Individuals.
2.0,High Court,447,89.0,['Bangalore'],19,"['Constitutional', 'Medical', 'Criminal']","['Bengali', 'Assamese', 'Urdu']",no,Aaina Singhal,"['Rastogi', 'Shan', 'Ch', 'ran']",Small Businesses.
1.0,Specialized Court,451,92.0,['Chennai'],15,"['Real Estate', 'Civil', 'Medical']","['Assamese', 'Kannada']",yes,Tara Mander,['Choudhury Group'],Individuals.
2.0,District Court,138,86.0,['Bangalore'],25,"['Corporate', 'Immigration', 'Human Rights']","['Telugu', 'Odia', 'Malayalam']",yes,Shaan Bhargava,"['M', '', 'Iyengar', 'Zacharia']",Small Businesses.
1.0,Specialized Court,326,102.0,['Mumbai'],23,"['Media and Entertainment', 'Immigration', 'Criminal']","['Kannada', 'Bengali', 'Hindi']",yes,Aaryahi Rajagopalan,['Dayal Ltd'],Individuals.
5.0,Specialized Court,89,102.0,['Kolkata'],23,"['Banking and Finance', 'Environmental', 'Constitutional']","['Punjabi', 'Hindi', 'Tamil']",no,Yasmin Dalal,['Lanka Group'],Large Corporations.
,District Court,226,,['Hyderabad'],16,"['Human Rights', 'Human Rights', 'Tax']","['Telugu', 'Kannada', 'Marathi']",yes,Zain Devi,"['Sridhar', 'Batra', 'Chauhan']",Small Businesses.
3.0,Specialized Court,371,99.0,['Bangalore'],11,"['Civil', 'Immigration', 'Constitutional']","['Gujarati', 'Marathi', 'Odia']",yes,Lakshit Chawla,"['Shetty', 'Luthra', 'Viswanathan']",Large Corporations.
4.0,District Court,347,87.0,['Bangalore'],22,"['Consumer Protection', 'Criminal', 'Family']","['Gujarati', 'Odia', 'Malayalam']",no,Misha Bava,"['Dave', 'M', 'er', 'Bhargava']",Large Corporations.
4.0,District Court,331,99.0,['Hyderabad'],16,"['Corporate', 'Constitutional', 'Environmental']","['Punjabi', 'Odia', 'Malayalam']",no,Chirag Sachdeva,['Bora-Lall'],Individuals.
5.0,District Court,177,85.0,['Delhi'],8,"['Constitutional', 'Consumer Protection', 'Human Rights']","['Kannada', 'Bengali']",no,Hridaan Sen,"['Ganguly', 'Saha', 'Sarraf']",Small Businesses.
2.0,District Court,220,91.0,['Chennai'],4,"['Intellectual Property', 'Environmental', 'Civil']","['Marathi', 'Tamil', 'Malayalam']",no,Damini Ramakrishnan,"['Sekhon', 'Raja', 'Goyal']",Large Corporations.
3.0,Supreme Court,96,86.0,['Chennai'],8,"['Immigration', 'Criminal', 'Banking and Finance']","['Assamese', 'Hindi']",no,Zeeshan Mandal,"['Andra', 'Balakrishnan', 'Badami']",Large Corporations.
2.0,District Court,374,84.0,['Delhi'],4,"['Real Estate', 'Real Estate', 'Constitutional']","['Kannada', 'Odia', 'Urdu']",no,Jayant Doshi,['Kohli-Vaidya'],Small Businesses.
4.0,High Court,277,80.0,['Delhi'],24,"['Constitutional', 'Medical', 'Constitutional']","['Urdu', 'Tamil', 'Malayalam']",no,Veer Tella,['Sani LLC'],Individuals.
1.0,High Court,369,98.0,['Mumbai'],25,"['Constitutional', 'Labor', 'Environmental']","['Assamese', 'Tamil', 'Urdu']",yes,Dhruv Wason,"['R', 'hawa Group']",Large Corporations.
,High Court,162,,['Hyderabad'],3,"['Consumer Protection', 'Banking and Finance', 'Tax']","['Bengali', 'Gujarati', 'Odia']",no,Manikya Boase,['Dugar-Grewal'],Individuals.
2.0,District Court,196,108.0,['Kolkata'],3,"['Criminal', 'Labor', 'Medical']","['Punjabi', 'Kannada', 'Malayalam']",no,Darshit Batta,"['Mannan', 'Chahal', 'Krishnan']",Small Businesses.
4.0,High Court,200,72.0,['Chennai'],27,"['Labor', 'Immigration', 'Environmental']","['Telugu', 'Marathi', 'Tamil']",no,Devansh Bath,"['Hegde', 'Balan', 'Raval']",Individuals.
1.0,Supreme Court,62,110.0,['Delhi'],29,"['Banking and Finance', 'Real Estate', 'Human Rights']","['Urdu', 'Tamil']",no,Kabir Sahota,"['Chaudhuri', 'Sampath', 'Mallick']",Small Businesses.
5.0,Specialized Court,203,86.0,['Delhi'],18,"['Immigration', 'Corporate', 'Civil']","['Bengali', 'Assamese', 'Marathi']",no,Manikya Kothari,"['Konda', 'Venkatesh', 'Devi']",Individuals.
2.0,District Court,411,100.0,['Hyderabad'],29,"['Real Estate', 'Corporate', 'Immigration']","['Telugu', 'Kannada', 'Gujarati']",yes,Kiara Yogi,"['Ravel', 'An', '', 'Sarin']",Individuals.
4.0,High Court,454,77.0,['Kolkata'],26,"['Intellectual Property', 'Consumer Protection', 'Criminal']","['Kannada', 'Gujarati', 'Marathi']",yes,Trisha Ganesh,"['Rajan', 'Rajagopal', 'Kamdar']",Large Corporations.
2.0,Supreme Court,283,93.0,['Delhi'],19,"['Intellectual Property', 'Immigration', 'Consumer Protection']","['Telugu', 'Bengali', 'Urdu']",yes,Dhanush Chauhan,"['Jani', 'Johal', 'Sharma']",Individuals.
5.0,Specialized Court,255,95.0,['Mumbai'],19,"['Family', 'Tax', 'Labor']","['Hindi', 'Tamil', 'Malayalam']",yes,Kaira Raman,"['Shan', 'Sons']",Large Corporations.
4.0,Supreme Court,64,68.0,['Kolkata'],21,"['Constitutional', 'Criminal', 'Human Rights']","['Punjabi', 'Assamese', 'Urdu']",yes,Saksham Yadav,"['Doshi', 'Edwin', 'Dara']",Small Businesses.
,High Court,446,,['Mumbai'],5,"['Civil', 'Immigration', 'Media and Entertainment']","['Bengali', 'Marathi', 'Hindi']",yes,Nehmat Bajwa,['Kulkarni Group'],Small Businesses.
2.0,Supreme Court,56,111.0,['Bangalore'],18,"['Media and Entertainment', 'Intellectual Property', 'Civil']","['Bengali', 'Kannada']",yes,Divit Sampath,"['Krishnan', 'Sons']",Large Corporations.
2.0,Specialized Court,475,88.0,['Chennai'],28,"['Criminal', 'Media and Entertainment', 'Family']","['Assamese', 'Telugu', 'Tamil']",no,Saira Sundaram,"['Yohannan', 'Ramanathan', 'Dua']",Individuals.
1.0,High Court,270,111.0,['Delhi'],10,"['Immigration', 'Civil', 'Intellectual Property']","['Kannada', 'Punjabi', 'Malayalam']",no,Vihaan Tandon,['Varkey-Krishnan'],Small Businesses.
5.0,Specialized Court,204,88.0,['Kolkata'],29,"['Media and Entertainment', 'Consumer Protection', 'Family']","['Telugu', 'Bengali', 'Tamil']",no,Bhavin Dhar,"['Lata', 'Barad', 'Chaudhari']",Small Businesses.
1.0,Supreme Court,466,103.0,['Mumbai'],22,"['Consumer Protection', 'Media and Entertainment', 'Medical']","['Telugu', 'Gujarati', 'Tamil']",no,Damini Dora,['Ramanathan PLC'],Small Businesses.
4.0,District Court,61,57.0,['Chennai'],21,"['Intellectual Property', 'Labor', 'Criminal']","['Punjabi', 'Urdu', 'Malayalam']",no,Raunak Mammen,['Dubey LLC'],Large Corporations.
2.0,District Court,312,127.0,['Chennai'],6,"['Real Estate', 'Corporate', 'Banking and Finance']","['Punjabi', 'Gujarati']",no,Baiju Gulati,"['Das', 'Jayaraman', 'Wali']",Small Businesses.
4.0,District Court,297,113.0,['Delhi'],1,"['Family', 'Medical', 'Civil']","['Hindi', 'Odia', 'Urdu']",yes,Amira Bal,['Kaur-Wali'],Small Businesses.
4.0,District Court,149,86.0,['Chennai'],5,"['Human Rights', 'Media and Entertainment', 'Human Rights']","['Kannada', 'Marathi']",no,Emir Sunder,['Sood Group'],Small Businesses.
,Specialized Court,243,,['Delhi'],9,"['Banking and Finance', 'Family', 'Media and Entertainment']","['Hindi', 'Tamil', 'Malayalam']",no,Shray Gupta,"['Divan', 'Chopra', 'Mammen']",Small Businesses.
3.0,District Court,344,95.0,['Bangalore'],12,"['Real Estate', 'Media and Entertainment', 'Family']","['Gujarati', 'Tamil']",no,Samarth Gade,"['Arora-H', 'a']",Large Corporations.
4.0,Specialized Court,377,69.0,['Delhi'],26,"['Criminal', 'Banking and Finance', 'Human Rights']","['Kannada', 'Gujarati']",yes,Mohanlal Keer,"['Gour', 'Sons']",Large Corporations.
2.0,High Court,50,97.0,['Hyderabad'],14,"['Civil', 'Corporate', 'Banking and Finance']","['Assamese', 'Kannada', 'Punjabi']",yes,Elakshi Chana,['Kapur Inc'],Individuals.
4.0,District Court,472,97.0,['Mumbai'],2,"['Family', 'Consumer Protection', 'Banking and Finance']","['Assamese', 'Tamil', 'Punjabi']",yes,Purab Andra,"['Wagle', 'Sons']",Small Businesses.
3.0,Specialized Court,124,76.0,['Hyderabad'],17,"['Human Rights', 'Labor', 'Family']","['Kannada', 'Odia', 'Tamil']",no,Misha Khare,['Chauhan LLC'],Large Corporations.
2.0,District Court,155,107.0,['Chennai'],14,"['Family', 'Consumer Protection', 'Human Rights']","['Punjabi', 'Hindi', 'Urdu']",no,Arnav Konda,['Setty Inc'],Individuals.
4.0,District Court,169,103.0,['Chennai'],26,"['Labor', 'Civil', 'Environmental']","['Gujarati', 'Odia', 'Tamil']",no,Yuvaan Kadakia,"['Raj', 'T', 'on', 'Maharaj']",Individuals.
5.0,District Court,67,105.0,['Chennai'],13,"['Immigration', 'Labor', 'Immigration']","['Punjabi', 'Assamese', 'Odia']",yes,Dharmajan Chada,['Raja-Raman'],Small Businesses.
5.0,Specialized Court,105,91.0,['Delhi'],27,"['Family', 'Human Rights', 'Banking and Finance']","['Kannada', 'Hindi']",yes,Shayak Kant,['Yadav-Kunda'],Individuals.
,Supreme Court,494,,['Kolkata'],9,"['Environmental', 'Family', 'Immigration']","['Tamil', 'Hindi', 'Urdu']",no,Jayesh Kala,"['Baral', 'Saran', 'Kalita']",Large Corporations.
2.0,District Court,192,105.0,['Delhi'],26,"['Labor', 'Immigration', 'Media and Entertainment']","['Bengali', 'Urdu', 'Malayalam']",yes,Piya Bath,['Bhargava LLC'],Individuals.
4.0,District Court,102,86.0,['Mumbai'],25,"['Labor', 'Human Rights', 'Civil']","['Bengali', 'Marathi', 'Hindi']",no,Neysa Gupta,['Gaba-Tara'],Individuals.
4.0,High Court,98,70.0,['Delhi'],15,"['Criminal', 'Real Estate', 'Criminal']","['Assamese', 'Odia', 'Urdu']",yes,Tejas Subramanian,"['Mahajan', 'Ravel', 'Kibe']",Large Corporations.
3.0,Supreme Court,374,111.0,['Chennai'],25,"['Environmental', 'Medical', 'Constitutional']","['Kannada', 'Marathi']",yes,Bhamini Khanna,['Sarraf-Venkatesh'],Individuals.
5.0,Specialized Court,435,122.0,['Bangalore'],22,"['Corporate', 'Family', 'Corporate']","['Telugu', 'Assamese', 'Marathi']",yes,Eva Vyas,['Kakar-Bajaj'],Individuals.
3.0,High Court,166,90.0,['Mumbai'],15,"['Real Estate', 'Media and Entertainment', 'Real Estate']","['Bengali', 'Punjabi', 'Malayalam']",no,Alia Shan,['Shroff-Singh'],Individuals.
3.0,District Court,59,123.0,['Hyderabad'],24,"['Banking and Finance', 'Labor', 'Medical']","['Hindi', 'Odia', 'Malayalam']",yes,Reyansh Sharaf,['Keer Ltd'],Individuals.
4.0,High Court,150,92.0,['Bangalore'],11,"['Civil', 'Labor', 'Labor']","['Assamese', 'Marathi', 'Hindi']",no,Divyansh Kashyap,['Bhardwaj Group'],Small Businesses.
3.0,High Court,75,85.0,['Mumbai'],16,"['Tax', 'Intellectual Property', 'Real Estate']","['Bengali', 'Telugu', 'Tamil']",no,Dhruv Solanki,"['Bhasin', 'Sons']",Small Businesses.
,District Court,97,,['Mumbai'],29,"['Real Estate', 'Environmental', 'Tax']","['Assamese', 'Urdu']",no,Diya Korpal,['Bath-Iyer'],Large Corporations.
3.0,Supreme Court,244,115.0,['Chennai'],17,"['Family', 'Intellectual Property', 'Consumer Protection']","['Marathi', 'Odia', 'Tamil']",yes,Anika Shere,['Loyal-Majumdar'],Individuals.
5.0,Supreme Court,153,79.0,['Hyderabad'],26,"['Civil', 'Constitutional', 'Medical']","['Gujarati', 'Tamil']",yes,Fateh Bhatia,['Comar-Suri'],Large Corporations.
3.0,High Court,282,102.0,['Delhi'],4,"['Intellectual Property', 'Intellectual Property', 'Immigration']","['Marathi', 'Urdu']",yes,Yuvraj  Basak,"['Bera', 'Shah', 'Chakraborty']",Small Businesses.
5.0,District Court,164,82.0,['Hyderabad'],1,"['Corporate', 'Criminal', 'Civil']","['Punjabi', 'Hindi', 'Tamil']",no,Jiya Golla,"['Subramanian', 'Venkatesh', 'Krish']",Individuals.
3.0,Specialized Court,473,84.0,['Chennai'],8,"['Intellectual Property', 'Real Estate', 'Media and Entertainment']","['Punjabi', 'Odia']",yes,Miraya Toor,['Acharya-Taneja'],Individuals.
3.0,High Court,458,106.0,['Chennai'],17,"['Environmental', 'Human Rights', 'Real Estate']","['Assamese', 'Kannada', 'Malayalam']",yes,Vanya Gaba,"['Dey', 'Behl', 'Datta']",Small Businesses.
2.0,Specialized Court,305,85.0,['Chennai'],3,"['Medical', 'Civil', 'Banking and Finance']","['Telugu', 'Gujarati', 'Hindi']",no,Onkar Dua,['Zacharia Group'],Individuals.
5.0,High Court,209,84.0,['Bangalore'],29,"['Intellectual Property', 'Human Rights', 'Criminal']","['Kannada', 'Bengali', 'Marathi']",no,Indranil Madan,['Sama Group'],Individuals.
5.0,High Court,222,107.0,['Hyderabad'],20,"['Consumer Protection', 'Human Rights', 'Labor']","['Marathi', 'Odia', 'Urdu']",no,Priyansh Bajwa,['Bhargava-Hari'],Small Businesses.
,District Court,235,,['Hyderabad'],15,"['Immigration', 'Family', 'Real Estate']","['Telugu', 'Gujarati', 'Malayalam']",yes,Sara Thaker,"['Badami', 'Badami', 'Bhargava']",Large Corporations.
1.0,District Court,377,100.0,['Mumbai'],15,"['Real Estate', 'Labor', 'Labor']","['Kannada', 'Bengali', 'Odia']",yes,Amani Ranganathan,['Boase-Bhat'],Large Corporations.
3.0,Specialized Court,253,81.0,['Kolkata'],24,"['Tax', 'Constitutional', 'Intellectual Property']","['Bengali', 'Urdu']",no,Jivika Shroff,['Subramaniam-Vora'],Individuals.
5.0,Specialized Court,436,83.0,['Delhi'],22,"['Consumer Protection', 'Constitutional', 'Medical']","['Punjabi', 'Odia', 'Tamil']",yes,Aradhya Shanker,['Ram LLC'],Small Businesses.
1.0,Supreme Court,475,92.0,['Chennai'],14,"['Medical', 'Civil', 'Criminal']","['Assamese', 'Punjabi']",no,Divij Hayer,['Basu LLC'],Large Corporations.
2.0,District Court,201,95.0,['Hyderabad'],26,"['Criminal', 'Real Estate', 'Consumer Protection']","['Assamese', 'Gujarati', 'Odia']",yes,Kabir Shan,['Hans Inc'],Large Corporations.
5.0,High Court,302,76.0,['Hyderabad'],28,"['Tax', 'Family', 'Corporate']","['Marathi', 'Urdu', 'Malayalam']",no,Anahita Mammen,['Sur-Raval'],Individuals.
5.0,High Court,93,101.0,['Mumbai'],23,"['Intellectual Property', 'Corporate', 'Environmental']","['Telugu', 'Hindi', 'Odia']",yes,Samiha Ben,['Gera Group'],Large Corporations.
1.0,Supreme Court,140,92.0,['Delhi'],14,"['Family', 'Consumer Protection', 'Family']","['Punjabi', 'Tamil']",no,Ahana  Samra,['Deshmukh Ltd'],Small Businesses.
3.0,District Court,236,65.0,['Kolkata'],24,"['Human Rights', 'Intellectual Property', 'Media and Entertainment']","['Punjabi', 'Bengali', 'Odia']",no,Divyansh Sekhon,['Rao-Dayal'],Large Corporations.
,High Court,143,,['Kolkata'],2,"['Corporate', 'Consumer Protection', 'Labor']","['Punjabi', 'Marathi', 'Gujarati']",no,Navya Hayer,['Dash LLC'],Small Businesses.
5.0,Supreme Court,444,83.0,['Chennai'],13,"['Banking and Finance', 'Consumer Protection', 'Media and Entertainment']","['Assamese', 'Bengali', 'Punjabi']",yes,Yuvaan Walia,['Mann-Sampath'],Small Businesses.
3.0,Supreme Court,121,89.0,['Kolkata'],26,"['Constitutional', 'Immigration', 'Medical']","['Telugu', 'Marathi']",yes,Purab Datta,['Agate-Vasa'],Individuals.
2.0,High Court,255,119.0,['Kolkata'],14,"['Tax', 'Consumer Protection', 'Consumer Protection']","['Marathi', 'Gujarati', 'Urdu']",yes,Khushi Johal,"['Rattan', 'Tank', 'Rau']",Large Corporations.
4.0,High Court,323,94.0,['Delhi'],27,"['Banking and Finance', 'Constitutional', 'Criminal']","['Telugu', 'Hindi', 'Tamil']",no,Nehmat Behl,['Reddy Ltd'],Individuals.
4.0,Specialized Court,361,78.0,['Delhi'],24,"['Banking and Finance', 'Intellectual Property', 'Human Rights']","['Gujarati', 'Malayalam']",no,Samarth Das,"['Raval', 'Thaman', 'Rama']",Large Corporations.
2.0,District Court,222,94.0,['Chennai'],19,"['Intellectual Property', 'Intellectual Property', 'Banking and Finance']","['Bengali', 'Gujarati', 'Odia']",no,Indrans Upadhyay,['Ranganathan-Ahuja'],Individuals.
1.0,Specialized Court,441,85.0,['Hyderabad'],7,"['Corporate', 'Criminal', 'Labor']","['Telugu', 'Urdu', 'Punjabi']",no,Aaina Kurian,['Mall-Tiwari'],Individuals.
2.0,Supreme Court,306,95.0,['Mumbai'],3,"['Media and Entertainment', 'Real Estate', 'Labor']","['Bengali', 'Gujarati', 'Malayalam']",no,Shamik Wali,"['Bhardwaj', 'Sons']",Individuals.
2.0,High Court,248,99.0,['Chennai'],15,"['Civil', 'Immigration', 'Constitutional']","['Kannada', 'Punjabi']",no,Rhea Balan,['Koshy-Bajwa'],Large Corporations.
,Specialized Court,80,,['Bangalore'],23,"['Real Estate', 'Consumer Protection', 'Constitutional']","['Punjabi', 'Urdu']",no,Vihaan Bhagat,"['R', 'hawa Ltd']",Individuals.
1.0,Supreme Court,259,90.0,['Kolkata'],14,"['Banking and Finance', 'Environmental', 'Environmental']","['Kannada', 'Hindi']",no,Alia Choudhury,['Luthra-Shroff'],Small Businesses.
3.0,District Court,419,115.0,['Mumbai'],11,"['Labor', 'Corporate', 'Banking and Finance']","['Gujarati', 'Malayalam']",no,Romil Iyer,"['Buch', 'Dua', 'Batra']",Large Corporations.
3.0,High Court,327,104.0,['Hyderabad'],15,"['Medical', 'Human Rights', 'Consumer Protection']","['Bengali', 'Telugu', 'Kannada']",yes,Jiya Shah,['Dora Group'],Small Businesses.
1.0,Specialized Court,424,80.0,['Hyderabad'],28,"['Immigration', 'Labor', 'Criminal']","['Kannada', 'Urdu', 'Punjabi']",no,Kartik Thaker,"['Sampath', 'Borra', 'Kala']",Individuals.
4.0,District Court,272,124.0,['Delhi'],13,"['Corporate', 'Criminal', 'Environmental']","['Punjabi', 'Gujarati', 'Odia']",yes,Zeeshan Char,['Gole-Dass'],Individuals.
4.0,Specialized Court,103,95.0,['Bangalore'],18,"['Family', 'Intellectual Property', 'Constitutional']","['Assamese', 'Gujarati', 'Hindi']",no,Vanya Baral,"['Bali', 'Raju', 'Mangat']",Small Businesses.
2.0,Supreme Court,56,78.0,['Hyderabad'],26,"['Environmental', 'Intellectual Property', 'Tax']","['Hindi', 'Urdu', 'Malayalam']",yes,Vaibhav Thakur,['Yadav LLC'],Individuals.
5.0,District Court,186,115.0,['Bangalore'],6,"['Family', 'Tax', 'Banking and Finance']","['Punjabi', 'Marathi', 'Urdu']",no,Priyansh Raval,['Luthra-Char'],Large Corporations.
2.0,Specialized Court,364,122.0,['Kolkata'],3,"['Corporate', 'Immigration', 'Corporate']","['Kannada', 'Assamese', 'Gujarati']",yes,Ritvik Gopal,['Bava-Saran'],Small Businesses.
,District Court,406,,['Delhi'],19,"['Family', 'Consumer Protection', 'Environmental']","['Telugu', 'Marathi', 'Odia']",no,Hunar Dara,"['M', '', 'Bose', 'Iyengar']",Large Corporations.
5.0,Supreme Court,183,83.0,['Mumbai'],15,"['Banking and Finance', 'Medical', 'Civil']","['Punjabi', 'Tamil', 'Malayalam']",no,Anay Dutt,['Sharaf Ltd'],Large Corporations.
1.0,District Court,273,88.0,['Delhi'],25,"['Real Estate', 'Immigration', 'Environmental']","['Kannada', 'Hindi', 'Urdu']",no,Rohan Arya,['Bhat PLC'],Large Corporations.
4.0,Specialized Court,240,101.0,['Kolkata'],23,"['Family', 'Tax', 'Medical']","['Punjabi', 'Bengali', 'Tamil']",yes,Suhana Ghosh,"['Savant', 'Khatri', 'Ganguly']",Individuals.
2.0,Supreme Court,235,110.0,['Hyderabad'],5,"['Media and Entertainment', 'Banking and Finance', 'Criminal']","['Telugu', 'Bengali', 'Gujarati']",no,Dharmajan Sandhu,['Barad-Bassi'],Individuals.
5.0,High Court,154,99.0,['Bangalore'],28,"['Tax', 'Human Rights', 'Criminal']","['Kannada', 'Telugu', 'Malayalam']",yes,Samar Kurian,['Wason LLC'],Small Businesses.
3.0,Specialized Court,111,92.0,['Kolkata'],10,"['Labor', 'Immigration', 'Media and Entertainment']","['Telugu', 'Odia']",yes,Kanav Khatri,['Sampath Inc'],Small Businesses.
2.0,Specialized Court,139,113.0,['Hyderabad'],7,"['Family', 'Intellectual Property', 'Tax']","['Gujarati', 'Odia', 'Urdu']",yes,Manikya Chaudhari,['Chaudhuri-Mane'],Large Corporations.
4.0,Supreme Court,75,86.0,['Chennai'],25,"['Labor', 'Constitutional', 'Human Rights']","['Punjabi', 'Kannada', 'Assamese']",yes,Rasha Bhandari,['Borde-Kumar'],Individuals.
1.0,Supreme Court,139,106.0,['Bangalore'],17,"['Human Rights', 'Family', 'Immigration']","['Bengali', 'Telugu', 'Odia']",yes,Hansh Iyer,['Ram Ltd'],Individuals.
,High Court,54,,['Kolkata'],7,"['Intellectual Property', 'Intellectual Property', 'Immigration']","['Marathi', 'Odia', 'Tamil']",no,Biju Lata,['Boase PLC'],Individuals.
2.0,Specialized Court,332,97.0,['Mumbai'],22,"['Criminal', 'Criminal', 'Constitutional']","['Kannada', 'Tamil']",yes,Oorja Lalla,"['Dada', 'Shukla', 'Shan']",Small Businesses.
5.0,Supreme Court,192,89.0,['Mumbai'],26,"['Real Estate', 'Real Estate', 'Civil']","['Telugu', 'Assamese', 'Marathi']",yes,Advik Mannan,['Kakar-Sha'],Individuals.
3.0,High Court,488,90.0,['Hyderabad'],12,"['Medical', 'Banking and Finance', 'Constitutional']","['Punjabi', 'Gujarati', 'Malayalam']",yes,Ryan Ranganathan,"['Shanker', 'Kumer', 'Madan']",Large Corporations.
3.0,High Court,137,85.0,['Hyderabad'],25,"['Banking and Finance', 'Tax', 'Intellectual Property']","['Kannada', 'Gujarati', 'Hindi']",yes,Yuvaan Sha,['Raju Inc'],Large Corporations.
1.0,Supreme Court,206,111.0,['Mumbai'],17,"['Criminal', 'Corporate', 'Intellectual Property']","['Telugu', 'Bengali', 'Urdu']",no,Abram Sidhu,['Ray Inc'],Large Corporations.
4.0,Specialized Court,211,80.0,['Chennai'],13,"['Banking and Finance', 'Labor', 'Family']","['Punjabi', 'Telugu', 'Kannada']",no,Akarsh Lalla,"['Srinivasan', 'Sons']",Individuals.
1.0,District Court,54,79.0,['Delhi'],20,"['Media and Entertainment', 'Corporate', 'Intellectual Property']","['Bengali', 'Punjabi']",no,Misha Krish,"['Bir', 'Bhasin', 'Savant']",Large Corporations.
2.0,District Court,428,122.0,['Mumbai'],25,"['Intellectual Property', 'Medical', 'Immigration']","['Assamese', 'Hindi', 'Odia']",yes,Sumer Wadhwa,"['M', 'er-Gole']",Large Corporations.
2.0,High Court,64,105.0,['Hyderabad'],4,"['Banking and Finance', 'Intellectual Property', 'Human Rights']","['Punjabi', 'Marathi', 'Hindi']",yes,Jivin Hayer,['Sahota Group'],Small Businesses.
,District Court,473,,['Hyderabad'],10,"['Human Rights', 'Criminal', 'Media and Entertainment']","['Bengali', 'Odia', 'Malayalam']",no,Vanya Bandi,['Mahajan-Bhargava'],Small Businesses.
4.0,District Court,451,82.0,['Chennai'],3,"['Real Estate', 'Consumer Protection', 'Corporate']","['Bengali', 'Odia', 'Urdu']",no,Ojas Thakkar,"['R', 'hawa Ltd']",Individuals.
5.0,Supreme Court,291,63.0,['Mumbai'],9,"['Corporate', 'Intellectual Property', 'Intellectual Property']","['Gujarati', 'Tamil', 'Malayalam']",yes,Advika Ahluwalia,"['H', 'a-Ravel']",Individuals.
4.0,High Court,295,76.0,['Chennai'],13,"['Corporate', 'Real Estate', 'Constitutional']","['Hindi', 'Malayalam']",no,Mahika Dass,['Bhalla Inc'],Individuals.
2.0,Specialized Court,344,43.0,['Mumbai'],18,"['Labor', 'Constitutional', 'Labor']","['Punjabi', 'Hindi', 'Tamil']",yes,Aaryahi Sama,"['Banik', 'Chaudhari', 'Chauhan']",Individuals.
5.0,High Court,224,88.0,['Delhi'],15,"['Intellectual Property', 'Human Rights', 'Criminal']","['Bengali', 'Marathi', 'Odia']",yes,Stuvan Rajagopal,['Ganesh Inc'],Individuals.
4.0,Supreme Court,341,73.0,['Kolkata'],4,"['Labor', 'Environmental', 'Corporate']","['Marathi', 'Hindi', 'Urdu']",no,Sumer Wable,['Varma-Sahota'],Small Businesses.
4.0,District Court,70,91.0,['Mumbai'],15,"['Human Rights', 'Labor', 'Corporate']","['Kannada', 'Hindi', 'Odia']",yes,Aaina Gopal,"['Issac', 'Vaidya', 'Varma']",Small Businesses.
5.0,Specialized Court,74,66.0,['Kolkata'],22,"['Immigration', 'Real Estate', 'Environmental']","['Bengali', 'Marathi', 'Malayalam']",no,Yashvi Ram,"['Ramach', 'ran Inc']",Small Businesses.
2.0,High Court,256,92.0,['Mumbai'],2,"['Family', 'Tax', 'Constitutional']","['Punjabi', 'Tamil']",yes,Akarsh Kannan,['Talwar LLC'],Large Corporations.
,District Court,297,,['Delhi'],15,"['Constitutional', 'Consumer Protection', 'Criminal']","['Assamese', 'Gujarati']",no,Samar Lanka,"['Tara', 'Banik', 'Kakar']",Large Corporations.
5.0,High Court,450,113.0,['Hyderabad'],8,"['Immigration', 'Tax', 'Immigration']","['Bengali', 'Telugu', 'Malayalam']",yes,Indrans Goel,"['Sem', 'Venkatesh', 'Chauhan']",Small Businesses.
2.0,Specialized Court,97,112.0,['Kolkata'],8,"['Family', 'Intellectual Property', 'Corporate']","['Kannada', 'Urdu']",yes,Lakshit Balakrishnan,['Mani-Kuruvilla'],Small Businesses.
5.0,High Court,420,102.0,['Chennai'],17,"['Real Estate', 'Criminal', 'Family']","['Telugu', 'Malayalam']",yes,Shanaya Mangat,['Master LLC'],Individuals.
5.0,High Court,145,86.0,['Mumbai'],12,"['Labor', 'Real Estate', 'Medical']","['Assamese', 'Bengali', 'Malayalam']",yes,Anahita Sagar,['Srinivas Group'],Small Businesses.
4.0,High Court,227,120.0,['Hyderabad'],19,"['Medical', 'Civil', 'Constitutional']","['Bengali', 'Kannada', 'Malayalam']",yes,Abram Sanghvi,"['Balay', 'Master', 'Cheema']",Individuals.
2.0,District Court,192,67.0,['Mumbai'],10,"['Real Estate', 'Consumer Protection', 'Corporate']","['Punjabi', 'Malayalam']",no,Lakshit Ray,['Dubey Inc'],Small Businesses.
4.0,Specialized Court,230,69.0,['Chennai'],9,"['Human Rights', 'Media and Entertainment', 'Civil']","['Bengali', 'Tamil', 'Urdu']",no,Kanav Dyal,['Vasa Group'],Individuals.
1.0,Specialized Court,118,89.0,['Delhi'],5,"['Consumer Protection', 'Medical', 'Consumer Protection']","['Telugu', 'Kannada', 'Assamese']",yes,Anika Shan,"['Joshi', 'Bahl', 'Khare']",Small Businesses.
1.0,District Court,277,124.0,['Bangalore'],6,"['Consumer Protection', 'Criminal', 'Environmental']","['Bengali', 'Hindi']",no,Zain Doctor,['Tata-Seth'],Individuals.
,District Court,411,,['Mumbai'],20,"['Media and Entertainment', 'Constitutional', 'Criminal']","['Bengali', 'Hindi', 'Malayalam']",no,Jiya Goel,['Kala Ltd'],Large Corporations.
5.0,District Court,249,88.0,['Chennai'],26,"['Media and Entertainment', 'Consumer Protection', 'Intellectual Property']","['Kannada', 'Bengali', 'Marathi']",no,Heer Shroff,['Setty-Kota'],Large Corporations.
4.0,Supreme Court,271,69.0,['Bangalore'],2,"['Media and Entertainment', 'Tax', 'Corporate']","['Kannada', 'Marathi', 'Hindi']",no,Zoya Chand,['Upadhyay Group'],Individuals.
4.0,High Court,432,105.0,['Mumbai'],27,"['Consumer Protection', 'Consumer Protection', 'Constitutional']","['Assamese', 'Kannada', 'Gujarati']",yes,Miraya Kade,"['Mallick', 'Bala', 'Shenoy']",Individuals.
2.0,High Court,368,105.0,['Kolkata'],24,"['Human Rights', 'Environmental', 'Intellectual Property']","['Urdu', 'Tamil']",no,Akarsh Sidhu,['Anne-Aggarwal'],Large Corporations.
2.0,Specialized Court,271,102.0,['Hyderabad'],27,"['Medical', 'Intellectual Property', 'Consumer Protection']","['Punjabi', 'Malayalam']",no,Manikya Bhardwaj,"['Sule', 'Dutt', 'Ghose']",Small Businesses.
1.0,High Court,166,81.0,['Hyderabad'],13,"['Banking and Finance', 'Immigration', 'Family']","['Kannada', 'Bengali', 'Urdu']",yes,Divit Solanki,['Saran Inc'],Individuals.
3.0,Supreme Court,448,80.0,['Chennai'],6,"['Real Estate', 'Tax', 'Intellectual Property']","['Gujarati', 'Odia', 'Malayalam']",yes,Keya Dar,['Gaba-Sidhu'],Small Businesses.
2.0,District Court,310,71.0,['Kolkata'],5,"['Family', 'Environmental', 'Civil']","['Assamese', 'Tamil', 'Punjabi']",yes,Akarsh Raj,"['Vasa', 'Subramaniam', 'Butala']",Large Corporations.
3.0,Specialized Court,150,92.0,['Delhi'],25,"['Human Rights', 'Medical', 'Immigration']","['Assamese', 'Kannada', 'Marathi']",yes,Dhanush Sem,"['Chaudry', 'Ramach', 'ran', 'Sawhney']",Large Corporations.
,Specialized Court,171,,['Bangalore'],1,"['Consumer Protection', 'Banking and Finance', 'Corporate']","['Telugu', 'Bengali', 'Marathi']",yes,Ira Kari,"['Sankaran', 'Sons']",Individuals.
5.0,High Court,411,73.0,['Chennai'],21,"['Medical', 'Labor', 'Real Estate']","['Gujarati', 'Odia']",yes,Ranbir Dhingra,"['Vyas-Ramach', 'ran']",Small Businesses.
5.0,Specialized Court,70,84.0,['Mumbai'],22,"['Intellectual Property', 'Family', 'Real Estate']","['Bengali', 'Punjabi']",yes,Kabir Dar,"['Gulati', 'Bhakta', 'Baria']",Large Corporations.
1.0,District Court,496,83.0,['Hyderabad'],21,"['Media and Entertainment', 'Immigration', 'Intellectual Property']","['Gujarati', 'Hindi']",yes,Lavanya Bajwa,"['Varma', 'Sons']",Small Businesses.
1.0,Specialized Court,109,82.0,['Mumbai'],6,"['Human Rights', 'Intellectual Property', 'Tax']","['Bengali', 'Kannada']",no,Parinaaz Deol,['Soni-Gill'],Large Corporations.
3.0,District Court,408,97.0,['Bangalore'],6,"['Environmental', 'Civil', 'Criminal']","['Punjabi', 'Telugu', 'Tamil']",yes,Alia Kurian,['Chawla-Bansal'],Individuals.
2.0,Supreme Court,228,92.0,['Kolkata'],23,"['Banking and Finance', 'Media and Entertainment', 'Environmental']","['Bengali', 'Gujarati', 'Odia']",no,Jiya Hegde,['Kannan LLC'],Small Businesses.
4.0,Supreme Court,271,86.0,['Kolkata'],16,"['Family', 'Media and Entertainment', 'Real Estate']","['Hindi', 'Tamil', 'Malayalam']",yes,Divyansh Sule,['Chaudhuri Group'],Small Businesses.
1.0,District Court,446,93.0,['Chennai'],4,"['Consumer Protection', 'Immigration', 'Tax']","['Bengali', 'Gujarati', 'Malayalam']",yes,Faiyaz Ben,"['Balay', 'Ghose', 'Saraf']",Individuals.
4.0,High Court,236,76.0,['Chennai'],11,"['Civil', 'Labor', 'Human Rights']","['Telugu', 'Bengali', 'Tamil']",no,Umang Ben,"['Rastogi', 'Agate', 'Bobal']",Individuals.
,Specialized Court,292,,['Kolkata'],24,"['Corporate', 'Criminal', 'Real Estate']","['Odia', 'Urdu', 'Malayalam']",no,Charvi Virk,['Sidhu LLC'],Individuals.
2.0,High Court,72,93.0,['Chennai'],23,"['Medical', 'Civil', 'Tax']","['Bengali', 'Marathi', 'Malayalam']",yes,Ishita Sangha,"['Rege', 'Arora', 'Lall']",Individuals.
3.0,Specialized Court,51,68.0,['Kolkata'],9,"['Corporate', 'Tax', 'Media and Entertainment']","['Hindi', 'Odia', 'Tamil']",no,Yashvi Sha,['Chauhan-Shah'],Large Corporations.
2.0,Supreme Court,160,105.0,['Bangalore'],23,"['Immigration', 'Civil', 'Criminal']","['Telugu', 'Gujarati', 'Hindi']",no,Kismat Jayaraman,"['Thakur-Ch', '']",Small Businesses.
1.0,Supreme Court,356,77.0,['Chennai'],3,"['Corporate', 'Real Estate', 'Labor']","['Bengali', 'Gujarati', 'Odia']",no,Kaira Devan,['Korpal Ltd'],Large Corporations.
4.0,Supreme Court,105,92.0,['Kolkata'],19,"['Family', 'Labor', 'Real Estate']","['Punjabi', 'Bengali', 'Tamil']",no,Manikya Bath,['Madan LLC'],Individuals.
2.0,Specialized Court,101,108.0,['Chennai'],8,"['Tax', 'Banking and Finance', 'Civil']","['Punjabi', 'Kannada', 'Tamil']",no,Adah Sarin,['Raval-Tripathi'],Large Corporations.
2.0,Supreme Court,235,104.0,['Mumbai'],5,"['Labor', 'Consumer Protection', 'Consumer Protection']","['Kannada', 'Gujarati', 'Punjabi']",no,Emir Bhagat,"['Dey', 'Devan', 'Chaudhuri']",Large Corporations.
2.0,Supreme Court,342,91.0,['Hyderabad'],4,"['Family', 'Media and Entertainment', 'Banking and Finance']","['Bengali', 'Urdu']",yes,Rohan Gala,['Vig LLC'],Small Businesses.
1.0,Supreme Court,370,85.0,['Mumbai'],24,"['Banking and Finance', 'Media and Entertainment', 'Corporate']","['Telugu', 'Bengali', 'Malayalam']",yes,Urvi Dixit,"['Jayaraman', 'Basu', 'Mannan']",Small Businesses.
,Supreme Court,130,,['Delhi'],6,"['Environmental', 'Environmental', 'Tax']","['Assamese', 'Gujarati', 'Urdu']",yes,Chirag Krishnan,['Ghose-Dhar'],Small Businesses.
2.0,High Court,86,101.0,['Kolkata'],2,"['Family', 'Immigration', 'Consumer Protection']","['Punjabi', 'Bengali', 'Hindi']",yes,Zeeshan Vohra,"['Kadakia', 'Rattan', 'Shah']",Individuals.
1.0,Supreme Court,473,81.0,['Delhi'],20,"['Human Rights', 'Real Estate', 'Corporate']","['Hindi', 'Marathi', 'Malayalam']",yes,Neelofar Karpe,"['Keer', 'Sons']",Individuals.
4.0,Supreme Court,167,79.0,['Kolkata'],28,"['Medical', 'Human Rights', 'Banking and Finance']","['Marathi', 'Odia']",no,Ivana Zacharia,"['Sarin', 'Sons']",Small Businesses.
5.0,High Court,434,59.0,['Hyderabad'],11,"['Constitutional', 'Civil', 'Constitutional']","['Assamese', 'Gujarati', 'Tamil']",no,Priyansh Wason,"['Boase', 'Samra', 'Raju']",Large Corporations.
1.0,High Court,439,93.0,['Chennai'],4,"['Medical', 'Real Estate', 'Constitutional']","['Punjabi', 'Malayalam']",yes,Jivika Aurora,"['Aurora', 'Bal', 'Vaidya']",Small Businesses.
5.0,Specialized Court,398,89.0,['Kolkata'],15,"['Labor', 'Medical', 'Environmental']","['Assamese', 'Punjabi', 'Malayalam']",no,Ranbir Banerjee,['Vig PLC'],Individuals.
2.0,District Court,126,108.0,['Mumbai'],6,"['Civil', 'Corporate', 'Consumer Protection']","['Marathi', 'Hindi', 'Tamil']",yes,Mehul Edwin,['Mane-Kant'],Large Corporations.
2.0,Supreme Court,420,96.0,['Chennai'],22,"['Corporate', 'Labor', 'Criminal']","['Bengali', 'Assamese', 'Marathi']",no,Jayant Kala,['Subramaniam PLC'],Individuals.
1.0,Supreme Court,396,111.0,['Hyderabad'],17,"['Labor', 'Media and Entertainment', 'Tax']","['Punjabi', 'Bengali', 'Malayalam']",yes,Lagan Saini,"['Barad', 'Devi', 'M', 'al']",Small Businesses.
,Supreme Court,319,,['Mumbai'],24,"['Corporate', 'Environmental', 'Family']","['Kannada', 'Gujarati', 'Malayalam']",no,Yasmin Bandi,['Rajan Group'],Small Businesses.
2.0,Specialized Court,202,108.0,['Chennai'],6,"['Immigration', 'Constitutional', 'Media and Entertainment']","['Tamil', 'Gujarati', 'Urdu']",yes,Mishti Baral,"['Lanka', 'Gour', 'Baria']",Large Corporations.
4.0,Supreme Court,168,83.0,['Kolkata'],19,"['Labor', 'Criminal', 'Constitutional']","['Gujarati', 'Urdu']",no,Ela Chaudhry,['Dhillon Group'],Small Businesses.
3.0,District Court,105,102.0,['Kolkata'],25,"['Consumer Protection', 'Civil', 'Criminal']","['Punjabi', 'Telugu', 'Hindi']",no,Ryan Arora,['Bhavsar-Bhardwaj'],Individuals.
3.0,High Court,279,69.0,['Mumbai'],2,"['Banking and Finance', 'Labor', 'Medical']","['Assamese', 'Kannada', 'Urdu']",yes,Aaryahi Sarin,"['Jha', 'Sons']",Individuals.
2.0,Specialized Court,313,94.0,['Bangalore'],15,"['Banking and Finance', 'Constitutional', 'Consumer Protection']","['Assamese', 'Kannada', 'Tamil']",no,Misha Bera,['Krishna LLC'],Individuals.
5.0,High Court,212,61.0,['Kolkata'],11,"['Corporate', 'Constitutional', 'Constitutional']",['Telugu'],yes,Sana Thaker,['Sule Group'],Large Corporations.
2.0,Supreme Court,264,86.0,['Bangalore'],8,"['Civil', 'Human Rights', 'Constitutional']","['Bengali', 'Odia']",yes,Lakshay Shroff,['Swaminathan-Wali'],Individuals.
5.0,Supreme Court,214,97.0,['Chennai'],26,"['Media and Entertainment', 'Intellectual Property', 'Media and Entertainment']","['Telugu', 'Kannada', 'Punjabi']",no,Hazel Vala,"['G', 'hi-Kar']",Small Businesses.
4.0,Supreme Court,338,83.0,['Bangalore'],19,"['Media and Entertainment', 'Environmental', 'Family']","['Hindi', 'Odia']",yes,Dishani Kalita,"['Majumdar', 'Sons']",Large Corporations.
,District Court,456,,['Mumbai'],13,"['Consumer Protection', 'Real Estate', 'Real Estate']","['Telugu', 'Bengali', 'Kannada']",yes,Akarsh Bal,['Kakar-Ahluwalia'],Individuals.
2.0,District Court,124,103.0,['Delhi'],12,"['Criminal', 'Constitutional', 'Intellectual Property']","['Telugu', 'Kannada', 'Assamese']",yes,Urvi Boase,"['Bhalla', 'Sem', 'Hayer']",Individuals.
4.0,Specialized Court,222,89.0,['Delhi'],5,"['Real Estate', 'Corporate', 'Consumer Protection']","['Gujarati', 'Hindi', 'Malayalam']",no,Hridaan Sur,"['Jani', 'Bajaj', 'Ben']",Small Businesses.
1.0,High Court,113,83.0,['Mumbai'],6,"['Real Estate', 'Human Rights', 'Environmental']","['Bengali', 'Marathi', 'Odia']",yes,Taran Kaul,['Keer Inc'],Small Businesses.
3.0,Supreme Court,331,91.0,['Delhi'],26,"['Civil', 'Labor', 'Labor']","['Punjabi', 'Urdu', 'Malayalam']",yes,Sana Varughese,['Bassi-Saraf'],Large Corporations.
2.0,Supreme Court,378,130.0,['Mumbai'],22,"['Constitutional', 'Human Rights', 'Medical']","['Assamese', 'Punjabi']",yes,Adira Bumb,"['Karan', 'Swaminathan', 'Thaman']",Individuals.
2.0,Supreme Court,469,108.0,['Kolkata'],4,"['Criminal', 'Family', 'Media and Entertainment']","['Telugu', 'Assamese', 'Odia']",yes,Rhea Shroff,['Borde-Bassi'],Individuals.
2.0,Supreme Court,175,108.0,['Bangalore'],19,"['Immigration', 'Family', 'Constitutional']","['Bengali', 'Marathi', 'Tamil']",no,Dishani Khanna,['Behl-Bhatti'],Small Businesses.
4.0,District Court,478,97.0,['Delhi'],20,"['Civil', 'Consumer Protection', 'Consumer Protection']","['Kannada', 'Gujarati', 'Marathi']",yes,Renee Gole,['Karnik LLC'],Large Corporations.
1.0,High Court,78,93.0,['Kolkata'],1,"['Consumer Protection', 'Human Rights', 'Medical']","['Gujarati', 'Urdu', 'Hindi']",yes,Siya Issac,"['Bera', 'Sons']",Small Businesses.
,High Court,321,,['Delhi'],20,"['Real Estate', 'Medical', 'Constitutional']","['Gujarati', 'Odia', 'Hindi']",no,Rohan Rana,['Khosla-Krishnan'],Small Businesses.
1.0,Specialized Court,76,80.0,['Chennai'],17,"['Human Rights', 'Consumer Protection', 'Civil']","['Punjabi', 'Hindi', 'Urdu']",no,Dishani Jhaveri,"['Setty', 'Rau', 'Dalal']",Large Corporations.
4.0,District Court,452,83.0,['Mumbai'],12,"['Real Estate', 'Civil', 'Banking and Finance']","['Assamese', 'Urdu', 'Malayalam']",no,Saksham Balan,"['Vaidya', 'Sawhney', 'Sankaran']",Individuals.
2.0,Supreme Court,288,62.0,['Mumbai'],15,"['Real Estate', 'Consumer Protection', 'Human Rights']","['Bengali', 'Marathi', 'Odia']",no,Jayant Soman,['Brar Ltd'],Individuals.
3.0,High Court,351,73.0,['Kolkata'],1,"['Consumer Protection', 'Tax', 'Labor']","['Bengali', 'Urdu']",no,Fateh Kohli,['Sachdeva-Mahajan'],Individuals.
2.0,High Court,424,61.0,['Chennai'],26,"['Intellectual Property', 'Real Estate', 'Medical']","['Telugu', 'Hindi', 'Tamil']",no,Onkar Bhattacharyya,['Salvi Ltd'],Large Corporations.
5.0,District Court,118,90.0,['Bangalore'],14,"['Civil', 'Tax', 'Family']","['Telugu', 'Gujarati']",yes,Keya Dhawan,['Sathe Ltd'],Large Corporations.
3.0,Specialized Court,67,103.0,['Chennai'],6,"['Family', 'Constitutional', 'Corporate']","['Telugu', 'Gujarati', 'Urdu']",yes,Kismat Banerjee,['Jha-Tak'],Large Corporations.
2.0,Specialized Court,445,107.0,['Chennai'],5,"['Medical', 'Labor', 'Tax']","['Assamese', 'Telugu', 'Odia']",no,Farhan Ramanathan,"['Biswas', 'Karan', 'Saini']",Large Corporations.
3.0,Supreme Court,192,97.0,['Hyderabad'],11,"['Immigration', 'Civil', 'Constitutional']","['Telugu', 'Bengali']",yes,Pranay Tak,['Sankaran-Agarwal'],Large Corporations.
,Specialized Court,108,,['Bangalore'],4,"['Real Estate', 'Immigration', 'Banking and Finance']","['Marathi', 'Gujarati', 'Hindi']",no,Chirag Kapadia,['Ben-Khosla'],Small Businesses.
4.0,High Court,261,62.0,['Bangalore'],13,"['Medical', 'Constitutional', 'Intellectual Property']","['Assamese', 'Gujarati']",yes,Prisha Sibal,['Kumer LLC'],Individuals.
2.0,Specialized Court,319,64.0,['Chennai'],11,"['Banking and Finance', 'Media and Entertainment', 'Tax']","['Marathi', 'Tamil']",no,Dhruv Mani,['Hari Group'],Large Corporations.
5.0,Supreme Court,64,71.0,['Delhi'],3,"['Media and Entertainment', 'Real Estate', 'Labor']","['Kannada', 'Odia', 'Punjabi']",no,Baiju Golla,"['Balakrishnan', 'Sama', 'Goda']",Individuals.
1.0,High Court,174,77.0,['Hyderabad'],1,"['Human Rights', 'Family', 'Tax']","['Bengali', 'Marathi', 'Punjabi']",yes,Riya Loyal,"['Rastogi', 'Khatri', 'Bhakta']",Large Corporations.
2.0,Specialized Court,65,88.0,['Delhi'],6,"['Corporate', 'Environmental', 'Real Estate']","['Kannada', 'Gujarati', 'Tamil']",no,Myra Sankaran,"['Tank', 'Sura', 'Shankar']",Individuals.
1.0,Specialized Court,239,75.0,['Chennai'],18,"['Civil', 'Medical', 'Media and Entertainment']","['Assamese', 'Hindi', 'Odia']",yes,Dhruv Raman,['Chokshi-Char'],Small Businesses.
5.0,District Court,453,96.0,['Delhi'],24,"['Environmental', 'Media and Entertainment', 'Constitutional']","['Kannada', 'Hindi', 'Odia']",no,Tarini Balay,"['Kakar', 'Sons']",Individuals.
2.0,Supreme Court,492,87.0,['Bangalore'],10,"['Consumer Protection', 'Consumer Protection', 'Tax']","['Tamil', 'Odia', 'Urdu']",no,Aarush Kakar,['Barad Inc'],Individuals.
5.0,Specialized Court,337,91.0,['Bangalore'],5,"['Intellectual Property', 'Intellectual Property', 'Corporate']","['Punjabi', 'Assamese', 'Urdu']",yes,Rati Bhakta,['Doshi Inc'],Large Corporations.
,District Court,123,,['Delhi'],23,"['Banking and Finance', 'Labor', 'Corporate']","['Bengali', 'Hindi', 'Tamil']",no,Kashvi Bali,['Shere-Lanka'],Individuals.
5.0,High Court,458,73.0,['Bangalore'],10,"['Civil', 'Criminal', 'Constitutional']","['Bengali', 'Gujarati', 'Hindi']",yes,Prisha Thaman,['Deshmukh Ltd'],Small Businesses.
3.0,District Court,282,97.0,['Mumbai'],12,"['Immigration', 'Environmental', 'Immigration']","['Hindi', 'Odia', 'Malayalam']",yes,Kaira Madan,['Mani LLC'],Small Businesses.
2.0,District Court,119,90.0,['Bangalore'],2,"['Human Rights', 'Tax', 'Corporate']","['Marathi', 'Gujarati', 'Tamil']",yes,Damini Raju,['Bumb-Buch'],Small Businesses.
3.0,Specialized Court,465,85.0,['Chennai'],13,"['Intellectual Property', 'Consumer Protection', 'Tax']","['Bengali', 'Marathi', 'Malayalam']",yes,Jhanvi Bava,"['Sant', 'Sons']",Large Corporations.
2.0,Specialized Court,391,104.0,['Kolkata'],8,"['Immigration', 'Civil', 'Environmental']","['Kannada', 'Bengali', 'Malayalam']",yes,Hrishita Toor,['Khurana Ltd'],Large Corporations.
2.0,Specialized Court,379,104.0,['Delhi'],2,"['Banking and Finance', 'Tax', 'Media and Entertainment']","['Bengali', 'Telugu', 'Tamil']",no,Shanaya Dasgupta,['Dube Group'],Large Corporations.
4.0,District Court,369,76.0,['Hyderabad'],20,"['Civil', 'Labor', 'Criminal']","['Telugu', 'Punjabi']",no,Anvi Chander,['Majumdar-Chokshi'],Large Corporations.
2.0,High Court,140,88.0,['Delhi'],1,"['Family', 'Tax', 'Medical']","['Assamese', 'Odia', 'Tamil']",yes,Rati Bhasin,['Vyas PLC'],Large Corporations.
3.0,Supreme Court,145,95.0,['Bangalore'],5,"['Banking and Finance', 'Labor', 'Corporate']","['Telugu', 'Hindi']",no,Eshani Tata,['Varghese Ltd'],Small Businesses.
,District Court,360,,['Bangalore'],9,"['Environmental', 'Tax', 'Consumer Protection']","['Hindi', 'Odia', 'Tamil']",yes,Vritika Kar,['Kalita-Jain'],Individuals.
4.0,Specialized Court,149,99.0,['Kolkata'],17,"['Immigration', 'Environmental', 'Labor']","['Assamese', 'Kannada', 'Tamil']",no,Aniruddh Sule,"['Rao', 'Chowdhury', 'Seshadri']",Small Businesses.
2.0,Supreme Court,247,95.0,['Kolkata'],9,"['Intellectual Property', 'Human Rights', 'Immigration']","['Kannada', 'Tamil']",yes,Nehmat Ramaswamy,['Tiwari-Dass'],Large Corporations.
5.0,High Court,402,118.0,['Hyderabad'],11,"['Intellectual Property', 'Corporate', 'Consumer Protection']","['Punjabi', 'Bengali', 'Telugu']",no,Shamik Sama,"['Kala', 'Basak', 'Thakkar']",Small Businesses.
5.0,Supreme Court,403,68.0,['Chennai'],15,"['Medical', 'Environmental', 'Tax']","['Bengali', 'Tamil', 'Malayalam']",yes,Yuvraj  Venkatesh,"['Ghosh', 'S', 'al', 'Bali']",Individuals.
4.0,Specialized Court,254,89.0,['Mumbai'],24,"['Immigration', 'Human Rights', 'Medical']","['Marathi', 'Odia', 'Hindi']",no,Eshani Deshmukh,['Jayaraman LLC'],Large Corporations.
2.0,District Court,406,77.0,['Chennai'],6,"['Tax', 'Immigration', 'Family']","['Assamese', 'Urdu', 'Malayalam']",yes,Amani Hans,"['Halder', 'Bhatia', 'Choudhary']",Small Businesses.
5.0,District Court,427,100.0,['Hyderabad'],23,"['Civil', 'Constitutional', 'Civil']","['Urdu', 'Malayalam']",yes,Anya Viswanathan,"['Konda', 'Boase', 'Kuruvilla']",Small Businesses.
2.0,Specialized Court,345,66.0,['Delhi'],3,"['Tax', 'Constitutional', 'Medical']","['Telugu', 'Bengali', 'Punjabi']",no,Vidur Vora,"['G', 'hi Group']",Individuals.
2.0,District Court,153,96.0,['Bangalore'],17,"['Constitutional', 'Real Estate', 'Family']","['Hindi', 'Tamil']",yes,Advik Varghese,['Ganguly PLC'],Large Corporations.
,Specialized Court,173,,['Chennai'],5,"['Civil', 'Medical', 'Real Estate']","['Punjabi', 'Malayalam']",no,Tanya Bera,['Kala-Ratti'],Large Corporations.
4.0,District Court,192,79.0,['Bangalore'],28,"['Immigration', 'Medical', 'Consumer Protection']","['Assamese', 'Gujarati', 'Tamil']",no,Pranay Dhar,"['Guha', 'Bhattacharyya', 'Acharya']",Individuals.
1.0,District Court,103,69.0,['Bangalore'],12,"['Criminal', 'Consumer Protection', 'Civil']","['Telugu', 'Bengali', 'Odia']",no,Samiha Gokhale,"['Sethi', 'Rastogi', 'Baral']",Individuals.
5.0,District Court,173,84.0,['Chennai'],18,"['Human Rights', 'Environmental', 'Real Estate']","['Bengali', 'Malayalam', 'Punjabi']",yes,Aarush Sibal,"['Keer', 'Ratti', 'Karpe']",Individuals.
5.0,High Court,144,107.0,['Chennai'],14,"['Immigration', 'Environmental', 'Civil']","['Odia', 'Tamil']",yes,Mamooty Vaidya,['Char-Sarin'],Individuals.
5.0,High Court,255,90.0,['Kolkata'],21,"['Tax', 'Criminal', 'Media and Entertainment']","['Telugu', 'Assamese', 'Punjabi']",yes,Devansh Bhagat,"['Dhaliwal', 'Sane', 'Swamy']",Large Corporations.
3.0,Specialized Court,459,100.0,['Hyderabad'],24,"['Family', 'Criminal', 'Civil']","['Marathi', 'Urdu', 'Tamil']",yes,Aaryahi Warrior,"['An', '', 'Bedi', 'Guha']",Large Corporations.
2.0,High Court,97,115.0,['Hyderabad'],11,"['Human Rights', 'Medical', 'Media and Entertainment']","['Kannada', 'Gujarati', 'Odia']",no,Prerak Gera,['Kakar Group'],Small Businesses.
4.0,Specialized Court,374,94.0,['Mumbai'],9,"['Immigration', 'Real Estate', 'Criminal']","['Odia', 'Malayalam']",yes,Umang Kulkarni,['Samra-Bhagat'],Small Businesses.
5.0,Supreme Court,359,82.0,['Kolkata'],2,"['Immigration', 'Intellectual Property', 'Intellectual Property']","['Punjabi', 'Kannada', 'Gujarati']",yes,Shamik Seth,"['Mahal-M', 'er']",Small Businesses.
,Supreme Court,93,,['Mumbai'],12,"['Family', 'Constitutional', 'Labor']","['Marathi', 'Hindi', 'Tamil']",no,Krish Lata,"['Kala', 'Dey', 'Bora']",Large Corporations.
5.0,High Court,465,82.0,['Chennai'],3,"['Immigration', 'Intellectual Property', 'Family']","['Marathi', 'Tamil']",no,Vihaan Agrawal,"['Ghosh', 'Kari', 'Zacharia']",Large Corporations.
2.0,Supreme Court,306,83.0,['Hyderabad'],3,"['Human Rights', 'Consumer Protection', 'Banking and Finance']","['Punjabi', 'Urdu', 'Malayalam']",yes,Azad Lal,"['Bhatia', 'Mahajan', 'Kumar']",Large Corporations.
2.0,Supreme Court,214,68.0,['Hyderabad'],1,"['Media and Entertainment', 'Labor', 'Corporate']","['Hindi', 'Odia', 'Tamil']",no,Vidur Ramanathan,"['Sura-Ch', 'ran']",Small Businesses.
4.0,District Court,390,104.0,['Mumbai'],8,"['Real Estate', 'Medical', 'Tax']","['Bengali', 'Gujarati', 'Malayalam']",no,Bhamini Khalsa,['Shankar-Garde'],Individuals.
3.0,District Court,166,85.0,['Delhi'],22,"['Criminal', 'Medical', 'Immigration']","['Assamese', 'Kannada', 'Gujarati']",no,Arhaan Hora,['Ray-Arora'],Individuals.
4.0,Specialized Court,362,93.0,['Kolkata'],28,"['Corporate', 'Labor', 'Labor']","['Bengali', 'Punjabi']",yes,Aradhya Lad,['Sachdeva-Bhatia'],Individuals.
5.0,Supreme Court,68,75.0,['Kolkata'],29,"['Criminal', 'Banking and Finance', 'Real Estate']","['Gujarati', 'Hindi', 'Urdu']",yes,Yuvaan Babu,['Goyal-Kapoor'],Individuals.
1.0,Specialized Court,428,97.0,['Kolkata'],8,"['Consumer Protection', 'Family', 'Criminal']","['Kannada', 'Odia']",yes,Anika Lal,['Karnik-Tella'],Individuals.
4.0,Specialized Court,252,79.0,['Hyderabad'],11,"['Environmental', 'Tax', 'Real Estate']","['Bengali', 'Telugu', 'Tamil']",no,Prerak Dar,['Biswas-Buch'],Large Corporations.
,Supreme Court,337,,['Bangalore'],9,"['Medical', 'Criminal', 'Intellectual Property']","['Telugu', 'Bengali', 'Urdu']",no,Azad Bose,['Karnik-Chaudhari'],Small Businesses.
4.0,High Court,150,104.0,['Hyderabad'],5,"['Immigration', 'Family', 'Immigration']","['Assamese', 'Telugu', 'Punjabi']",yes,Vedika Balan,['Din Inc'],Individuals.
2.0,Supreme Court,355,102.0,['Bangalore'],14,"['Real Estate', 'Immigration', 'Banking and Finance']","['Bengali', 'Hindi', 'Tamil']",yes,Yakshit Bajaj,['Chaudry-Yogi'],Individuals.
5.0,District Court,398,90.0,['Hyderabad'],28,"['Media and Entertainment', 'Real Estate', 'Human Rights']","['Marathi', 'Malayalam']",no,Ela Kanda,['Sampath-Chaudhry'],Individuals.
5.0,Supreme Court,263,64.0,['Chennai'],3,"['Civil', 'Real Estate', 'Criminal']","['Assamese', 'Hindi', 'Odia']",yes,Ishaan Bhandari,"['Aurora-R', 'hawa']",Large Corporations.
5.0,High Court,328,135.0,['Hyderabad'],21,"['Immigration', 'Labor', 'Real Estate']","['Telugu', 'Bengali', 'Urdu']",yes,Vihaan Gola,"['Shanker', 'Mann', 'Koshy']",Individuals.
5.0,Specialized Court,255,117.0,['Chennai'],5,"['Tax', 'Environmental', 'Intellectual Property']","['Kannada', 'Tamil']",yes,Shamik Halder,"['Sha', 'Sons']",Small Businesses.
5.0,Specialized Court,452,101.0,['Bangalore'],5,"['Banking and Finance', 'Constitutional', 'Human Rights']","['Punjabi', 'Kannada', 'Hindi']",yes,Kashvi Sangha,['Thakur Group'],Large Corporations.
5.0,District Court,274,79.0,['Kolkata'],19,"['Real Estate', 'Intellectual Property', 'Medical']","['Punjabi', 'Gujarati', 'Hindi']",no,Lavanya Sood,['Kaul Inc'],Large Corporations.
1.0,District Court,429,89.0,['Bangalore'],27,"['Family', 'Criminal', 'Tax']","['Gujarati', 'Marathi', 'Tamil']",yes,Riya Doshi,['Rao-Butala'],Large Corporations.
,District Court,411,,['Mumbai'],14,"['Real Estate', 'Family', 'Tax']","['Bengali', 'Tamil', 'Urdu']",yes,Suhana Bains,['Jha Group'],Individuals.
5.0,Specialized Court,235,109.0,['Kolkata'],26,"['Media and Entertainment', 'Intellectual Property', 'Banking and Finance']","['Punjabi', 'Marathi', 'Urdu']",no,Nirvi Bhatt,['Hans PLC'],Individuals.
3.0,District Court,154,94.0,['Hyderabad'],4,"['Consumer Protection', 'Environmental', 'Real Estate']","['Punjabi', 'Kannada', 'Gujarati']",no,Faiyaz Chaudhry,['Bhavsar-Aggarwal'],Individuals.
5.0,Supreme Court,233,79.0,['Hyderabad'],25,"['Family', 'Family', 'Medical']","['Marathi', 'Gujarati', 'Tamil']",no,Ryan Dhar,['Rao-Bhagat'],Individuals.
4.0,Specialized Court,422,83.0,['Hyderabad'],13,"['Constitutional', 'Medical', 'Banking and Finance']","['Assamese', 'Urdu']",no,Nakul Wason,['Iyengar LLC'],Small Businesses.
5.0,High Court,152,107.0,['Hyderabad'],10,"['Corporate', 'Media and Entertainment', 'Labor']","['Gujarati', 'Odia', 'Malayalam']",no,Himmat Kalla,['Deshmukh-Shukla'],Large Corporations.
2.0,Specialized Court,286,115.0,['Hyderabad'],25,"['Labor', 'Human Rights', 'Immigration']","['Bengali', 'Telugu', 'Assamese']",yes,Pari Samra,['Sami Inc'],Individuals.
1.0,Supreme Court,413,113.0,['Bangalore'],18,"['Human Rights', 'Tax', 'Constitutional']","['Punjabi', 'Assamese', 'Gujarati']",no,Lakshit Krishnan,"['Bedi', 'Sons']",Small Businesses.
4.0,Supreme Court,209,102.0,['Chennai'],8,"['Real Estate', 'Immigration', 'Labor']","['Kannada', 'Bengali', 'Gujarati']",no,Siya Bera,['Krishnan Ltd'],Large Corporations.
4.0,District Court,339,87.0,['Bangalore'],8,"['Human Rights', 'Banking and Finance', 'Tax']","['Kannada', 'Assamese', 'Malayalam']",no,Nayantara Bhat,['Mall-Comar'],Large Corporations.
,Specialized Court,161,,['Delhi'],7,"['Intellectual Property', 'Immigration', 'Immigration']","['Bengali', 'Kannada', 'Malayalam']",no,Uthkarsh Sharaf,"['Ravel', 'Sons']",Large Corporations.
5.0,Specialized Court,99,95.0,['Bangalore'],8,"['Tax', 'Intellectual Property', 'Intellectual Property']","['Punjabi', 'Gujarati']",yes,Vihaan Atwal,"['Chad', 'Barad', 'Bose']",Individuals.
1.0,Specialized Court,407,90.0,['Kolkata'],14,"['Immigration', 'Intellectual Property', 'Criminal']","['Assamese', 'Urdu', 'Malayalam']",yes,Indrajit Kalita,['Ghosh-Goswami'],Large Corporations.
4.0,High Court,95,93.0,['Hyderabad'],19,"['Tax', 'Banking and Finance', 'Environmental']","['Assamese', 'Gujarati', 'Marathi']",no,Dhanuk D’Alia,['Kala-Bhatnagar'],Individuals.
1.0,District Court,172,91.0,['Bangalore'],29,"['Human Rights', 'Intellectual Property', 'Media and Entertainment']","['Kannada', 'Urdu', 'Malayalam']",yes,Arhaan Halder,"['Gala', 'Chad', 'Kale']",Small Businesses.
4.0,Supreme Court,435,71.0,['Chennai'],6,"['Criminal', 'Banking and Finance', 'Consumer Protection']","['Kannada', 'Bengali', 'Malayalam']",no,Eshani Keer,['Rastogi LLC'],Large Corporations.
5.0,Supreme Court,206,99.0,['Hyderabad'],1,"['Labor', 'Family', 'Medical']","['Telugu', 'Marathi', 'Urdu']",no,Sahil Kar,['Barman Inc'],Small Businesses.
4.0,District Court,488,100.0,['Mumbai'],23,"['Media and Entertainment', 'Banking and Finance', 'Civil']","['Assamese', 'Hindi', 'Tamil']",yes,Badal Zachariah,['Wagle-Banerjee'],Individuals.
4.0,Supreme Court,491,101.0,['Delhi'],15,"['Criminal', 'Tax', 'Real Estate']","['Kannada', 'Marathi', 'Hindi']",yes,Mohanlal Iyer,"['Bobal', 'Loke', 'Mani']",Individuals.
3.0,Supreme Court,171,105.0,['Kolkata'],1,"['Constitutional', 'Banking and Finance', 'Environmental']","['Telugu', 'Kannada', 'Assamese']",yes,Yuvaan Lalla,"['Borra', 'Solanki', 'Hora']",Individuals.
,District Court,68,,['Chennai'],25,"['Labor', 'Human Rights', 'Family']","['Telugu', 'Gujarati', 'Odia']",no,Rania Srivastava,['Som Ltd'],Large Corporations.
2.0,Supreme Court,367,84.0,['Delhi'],17,"['Labor', 'Medical', 'Immigration']","['Kannada', 'Telugu', 'Assamese']",yes,Shalv Edwin,['Hegde-Sarraf'],Large Corporations.
2.0,Specialized Court,253,89.0,['Bangalore'],1,"['Criminal', 'Banking and Finance', 'Consumer Protection']","['Bengali', 'Assamese', 'Tamil']",yes,Aarna Dhar,"['Rout', 'Raval', 'Bawa']",Small Businesses.
5.0,High Court,95,92.0,['Delhi'],15,"['Family', 'Corporate', 'Corporate']","['Telugu', 'Tamil']",yes,Kismat Sule,['Dar-Dhar'],Individuals.
2.0,District Court,368,92.0,['Hyderabad'],23,"['Consumer Protection', 'Banking and Finance', 'Intellectual Property']","['Marathi', 'Urdu', 'Tamil']",yes,Ivana Chaudry,['Uppal-Banerjee'],Small Businesses.
5.0,High Court,64,105.0,['Hyderabad'],2,"['Media and Entertainment', 'Intellectual Property', 'Constitutional']","['Kannada', 'Hindi', 'Malayalam']",yes,Zara Uppal,['Brar Group'],Individuals.
2.0,Supreme Court,442,100.0,['Mumbai'],14,"['Human Rights', 'Human Rights', 'Civil']","['Marathi', 'Hindi', 'Tamil']",no,Damini Sarkar,['Dubey-Bath'],Individuals.
3.0,Supreme Court,112,122.0,['Delhi'],21,"['Criminal', 'Constitutional', 'Media and Entertainment']","['Telugu', 'Bengali', 'Marathi']",no,Shamik Ganesh,['Aggarwal-Bansal'],Small Businesses.
2.0,Specialized Court,107,124.0,['Delhi'],8,"['Tax', 'Consumer Protection', 'Corporate']","['Bengali', 'Tamil', 'Punjabi']",yes,Priyansh Din,['Saxena PLC'],Individuals.
4.0,District Court,129,92.0,['Hyderabad'],8,"['Family', 'Human Rights', 'Constitutional']","['Kannada', 'Assamese']",no,Seher Sandal,['Bir-Malhotra'],Small Businesses.
,Supreme Court,482,,['Bangalore'],19,"['Tax', 'Environmental', 'Family']","['Kannada', 'Marathi']",no,Vaibhav Som,['Bhalla Ltd'],Large Corporations.
1.0,District Court,362,109.0,['Bangalore'],7,"['Media and Entertainment', 'Consumer Protection', 'Tax']","['Bengali', 'Odia', 'Punjabi']",no,Alia Desai,"['Gaba', 'Agarwal', 'Rout']",Small Businesses.
1.0,District Court,411,82.0,['Kolkata'],19,"['Consumer Protection', 'Criminal', 'Labor']","['Bengali', 'Urdu']",yes,Mahika Verma,"['Iyer', 'Ravi', 'Kohli']",Small Businesses.
5.0,District Court,229,78.0,['Bangalore'],6,"['Constitutional', 'Criminal', 'Real Estate']","['Assamese', 'Kannada', 'Marathi']",no,Nirvi Baria,"['Sheth', 'Dara', 'Chana']",Individuals.
3.0,District Court,201,85.0,['Delhi'],6,"['Immigration', 'Media and Entertainment', 'Criminal']","['Odia', 'Malayalam']",yes,Jayan Aurora,"['Bajaj', 'Majumdar', 'Zachariah']",Small Businesses.
2.0,District Court,156,84.0,['Mumbai'],3,"['Consumer Protection', 'Environmental', 'Constitutional']","['Punjabi', 'Assamese', 'Tamil']",no,Charvi Basu,"['Dyal', 'Dara', 'Balay']",Large Corporations.
3.0,High Court,266,100.0,['Bangalore'],7,"['Environmental', 'Human Rights', 'Civil']","['Bengali', 'Hindi', 'Odia']",yes,Charvi Issac,['Singh-Wadhwa'],Large Corporations.
1.0,Specialized Court,298,67.0,['Hyderabad'],19,"['Civil', 'Family', 'Environmental']","['Kannada', 'Gujarati', 'Hindi']",no,Prerak Varty,"['Bhattacharyya', 'M', 'al', 'Chada']",Large Corporations.
5.0,District Court,334,74.0,['Hyderabad'],8,"['Family', 'Environmental', 'Human Rights']","['Punjabi', 'Bengali', 'Hindi']",no,Amira Chand,"['Desai', 'Varkey', 'Sant']",Large Corporations.
5.0,High Court,166,96.0,['Kolkata'],10,"['Constitutional', 'Medical', 'Media and Entertainment']","['Kannada', 'Bengali', 'Malayalam']",yes,Aaryahi Gour,['Kaur-Sampath'],Small Businesses.
,Supreme Court,477,,['Kolkata'],20,"['Environmental', 'Consumer Protection', 'Immigration']","['Tamil', 'Hindi', 'Urdu']",yes,Misha Bhavsar,"['Bumb', 'Sidhu', 'Kale']",Large Corporations.
3.0,District Court,126,100.0,['Delhi'],15,"['Intellectual Property', 'Consumer Protection', 'Tax']","['Gujarati', 'Tamil', 'Malayalam']",no,Anay Chawla,['Dalal-Thakkar'],Small Businesses.
2.0,Supreme Court,485,79.0,['Bangalore'],15,"['Constitutional', 'Intellectual Property', 'Human Rights']","['Gujarati', 'Odia', 'Malayalam']",yes,Umang Mand,['Dixit-Ramesh'],Small Businesses.
4.0,District Court,57,76.0,['Bangalore'],29,"['Criminal', 'Labor', 'Immigration']","['Assamese', 'Marathi']",yes,Jivin Kothari,['Dyal-Solanki'],Individuals.
4.0,High Court,267,83.0,['Kolkata'],1,"['Medical', 'Media and Entertainment', 'Civil']","['Punjabi', 'Marathi']",yes,Jayant Contractor,['Mannan-Bajwa'],Small Businesses.
2.0,High Court,200,94.0,['Bangalore'],20,"['Criminal', 'Real Estate', 'Immigration']","['Bengali', 'Hindi', 'Malayalam']",yes,Kiaan Das,['Dar Inc'],Small Businesses.
4.0,High Court,252,113.0,['Delhi'],7,"['Consumer Protection', 'Corporate', 'Constitutional']","['Bengali', 'Urdu', 'Punjabi']",no,Saira Gala,"['Sharaf', 'Bala', 'Ghose']",Individuals.
1.0,Specialized Court,307,60.0,['Mumbai'],27,"['Civil', 'Consumer Protection', 'Environmental']","['Telugu', 'Bengali']",yes,Sumer Kanda,['Bedi-Sani'],Large Corporations.
4.0,Supreme Court,246,87.0,['Hyderabad'],4,"['Constitutional', 'Media and Entertainment', 'Human Rights']","['Telugu', 'Odia', 'Malayalam']",no,Nirvi Sani,"['Krish', 'Tella', 'Andra']",Large Corporations.
2.0,Specialized Court,237,71.0,['Delhi'],29,"['Human Rights', 'Constitutional', 'Intellectual Property']","['Kannada', 'Bengali', 'Tamil']",no,Nirvaan Bhavsar,['Kale-Kunda'],Small Businesses.
,District Court,380,,['Bangalore'],6,"['Corporate', 'Media and Entertainment', 'Human Rights']","['Punjabi', 'Telugu']",no,Dhanuk Keer,['Gour LLC'],Individuals.
5.0,Supreme Court,359,105.0,['Delhi'],25,"['Immigration', 'Environmental', 'Immigration']","['Punjabi', 'Bengali', 'Kannada']",yes,Aarush Kumar,"['Joshi', 'Arya', 'Ratta']",Small Businesses.
3.0,High Court,425,99.0,['Hyderabad'],1,"['Media and Entertainment', 'Tax', 'Labor']","['Assamese', 'Hindi', 'Urdu']",yes,Piya Mahajan,"['H', 'a-Bawa']",Small Businesses.
1.0,Supreme Court,162,97.0,['Chennai'],29,"['Consumer Protection', 'Banking and Finance', 'Environmental']","['Bengali', 'Telugu', 'Marathi']",yes,Aaina Rege,['Gala LLC'],Large Corporations.
5.0,High Court,324,104.0,['Hyderabad'],5,"['Criminal', 'Labor', 'Media and Entertainment']","['Punjabi', 'Gujarati', 'Hindi']",no,Hrishita Ratti,['Walia-Chada'],Individuals.
5.0,Specialized Court,313,83.0,['Hyderabad'],27,"['Civil', 'Consumer Protection', 'Family']","['Assamese', 'Tamil']",no,Hunar Kuruvilla,"['Roy', 'Chauhan', 'Chauhan']",Small Businesses.
2.0,Specialized Court,216,84.0,['Chennai'],23,"['Immigration', 'Environmental', 'Criminal']","['Telugu', 'Bengali', 'Tamil']",yes,Tiya Doshi,['Saran-Kar'],Large Corporations.
3.0,High Court,269,123.0,['Bangalore'],1,"['Constitutional', 'Immigration', 'Constitutional']","['Hindi', 'Urdu']",no,Ishaan Bora,"['Thaker', 'Iyer', 'Balan']",Small Businesses.
3.0,High Court,191,87.0,['Bangalore'],4,"['Human Rights', 'Labor', 'Consumer Protection']","['Telugu', 'Urdu']",yes,Jayesh Aggarwal,['Bera PLC'],Large Corporations.
1.0,District Court,114,102.0,['Mumbai'],22,"['Constitutional', 'Family', 'Corporate']","['Odia', 'Tamil']",no,Tiya Banik,['Bhatia-Dutt'],Individuals.
,Specialized Court,146,,['Hyderabad'],2,"['Labor', 'Corporate', 'Banking and Finance']","['Telugu', 'Gujarati', 'Odia']",no,Yuvaan Sheth,"['Ramach', 'ran-Goda']",Small Businesses.
1.0,Specialized Court,97,63.0,['Delhi'],10,"['Civil', 'Civil', 'Environmental']","['Punjabi', 'Tamil', 'Malayalam']",no,Eva Ahuja,"['Gour', 'Chatterjee', 'Dewan']",Individuals.
4.0,District Court,357,60.0,['Mumbai'],5,"['Environmental', 'Civil', 'Consumer Protection']","['Bengali', 'Hindi', 'Malayalam']",yes,Kimaya Dhingra,"['Kale', 'Sen', 'Krishna']",Large Corporations.
5.0,Specialized Court,347,82.0,['Bangalore'],27,"['Criminal', 'Intellectual Property', 'Consumer Protection']","['Kannada', 'Odia', 'Malayalam']",yes,Manikya Ravel,"['Ramach', 'ran LLC']",Individuals.
1.0,High Court,478,106.0,['Bangalore'],10,"['Human Rights', 'Intellectual Property', 'Consumer Protection']","['Hindi', 'Odia', 'Tamil']",no,Hansh Chahal,"['Dua', 'Goda', 'Choudhury']",Individuals.
5.0,Supreme Court,378,102.0,['Kolkata'],1,"['Corporate', 'Family', 'Civil']","['Telugu', 'Gujarati', 'Odia']",yes,Kabir Singh,"['Rama', 'M', 'er', 'Bal']",Individuals.
2.0,Supreme Court,73,104.0,['Mumbai'],22,"['Constitutional', 'Tax', 'Tax']","['Bengali', 'Odia', 'Urdu']",yes,Tushar Kurian,['Ramesh PLC'],Small Businesses.
4.0,Specialized Court,448,76.0,['Bangalore'],6,"['Corporate', 'Intellectual Property', 'Human Rights']","['Marathi', 'Hindi', 'Tamil']",no,Prerak Banik,"['Bhardwaj', 'Chawla', 'Sundaram']",Large Corporations.
2.0,District Court,438,115.0,['Chennai'],13,"['Constitutional', 'Real Estate', 'Environmental']","['Kannada', 'Odia']",yes,Aradhya Kunda,"['Edwin', 'Yogi', 'Thakur']",Individuals.
4.0,High Court,249,76.0,['Kolkata'],15,"['Criminal', 'Consumer Protection', 'Constitutional']","['Kannada', 'Hindi', 'Tamil']",yes,Dhruv Buch,['Dayal-Jaggi'],Small Businesses.
,Supreme Court,314,,['Delhi'],4,"['Immigration', 'Corporate', 'Medical']","['Assamese', 'Gujarati', 'Urdu']",no,Shanaya Golla,"['Arora', 'Chada', 'Wagle']",Large Corporations.
5.0,High Court,489,90.0,['Kolkata'],13,"['Real Estate', 'Human Rights', 'Media and Entertainment']","['Telugu', 'Gujarati', 'Urdu']",no,Ivana Tak,[],Large Corporations.
2.0,Specialized Court,290,88.0,['Hyderabad'],24,"['Immigration', 'Environmental', 'Human Rights']","['Bengali', 'Gujarati', 'Urdu']",no,Dharmajan Gour,['Sarna-Setty'],Large Corporations.
2.0,Specialized Court,457,111.0,['Hyderabad'],20,"['Constitutional', 'Human Rights', 'Human Rights']","['Kannada', 'Tamil', 'Urdu']",no,Rhea Kant,['Deol-Kade'],Individuals.
1.0,Supreme Court,87,80.0,['Delhi'],24,"['Tax', 'Family', 'Intellectual Property']","['Hindi', 'Tamil', 'Malayalam']",yes,Indranil Khare,['Zachariah-Karnik'],Individuals.
2.0,Specialized Court,136,70.0,['Chennai'],15,"['Medical', 'Criminal', 'Consumer Protection']","['Kannada', 'Telugu', 'Tamil']",yes,Yashvi Iyer,['Sabharwal Group'],Individuals.
1.0,District Court,248,91.0,['Delhi'],29,"['Banking and Finance', 'Environmental', 'Tax']","['Bengali', 'Gujarati', 'Odia']",no,Stuvan Sane,"['Golla', 'Anne', 'Iyengar']",Large Corporations.
3.0,Specialized Court,313,85.0,['Mumbai'],8,"['Real Estate', 'Environmental', 'Banking and Finance']","['Assamese', 'Kannada', 'Odia']",no,Purab Ravi,['Shan-Apte'],Large Corporations.
3.0,Specialized Court,417,141.0,['Delhi'],5,"['Environmental', 'Immigration', 'Labor']","['Bengali', 'Assamese', 'Gujarati']",yes,Tara Mani,['Kadakia-Sidhu'],Individuals.
3.0,Specialized Court,495,101.0,['Delhi'],29,"['Real Estate', 'Media and Entertainment', 'Civil']","['Gujarati', 'Odia', 'Hindi']",yes,Zoya Wali,"['Sarraf', 'Kadakia', 'Tella']",Individuals.
,High Court,225,,['Kolkata'],15,"['Medical', 'Family', 'Medical']","['Bengali', 'Telugu', 'Kannada']",yes,Samarth Gaba,"['Ramesh', 'Sons']",Large Corporations.
2.0,High Court,71,75.0,['Chennai'],4,"['Corporate', 'Family', 'Tax']","['Kannada', 'Urdu', 'Malayalam']",no,Nehmat Loyal,"['Dube', 'Garg', 'Gola']",Large Corporations.
1.0,Supreme Court,411,62.0,['Delhi'],12,"['Civil', 'Civil', 'Immigration']","['Bengali', 'Marathi', 'Urdu']",no,Hansh Mane,['Srivastava Ltd'],Small Businesses.
4.0,Supreme Court,322,75.0,['Mumbai'],13,"['Corporate', 'Constitutional', 'Constitutional']","['Punjabi', 'Bengali', 'Tamil']",no,Nayantara Walia,['Bath-Keer'],Small Businesses.
1.0,Supreme Court,139,92.0,['Kolkata'],2,"['Consumer Protection', 'Human Rights', 'Medical']","['Bengali', 'Urdu', 'Punjabi']",no,Mohanlal Tank,['Tripathi-Brahmbhatt'],Individuals.
3.0,Specialized Court,273,112.0,['Chennai'],27,"['Corporate', 'Tax', 'Family']",['Bengali'],yes,Kiaan Aggarwal,"['Sarma', 'Jayaraman', 'Bhattacharyya']",Large Corporations.
1.0,High Court,384,107.0,['Chennai'],19,"['Environmental', 'Constitutional', 'Civil']","['Telugu', 'Hindi', 'Malayalam']",no,Aarna Balan,['Bail-Lanka'],Large Corporations.
4.0,District Court,397,94.0,['Bangalore'],19,"['Tax', 'Banking and Finance', 'Medical']","['Assamese', 'Gujarati']",no,Rati Chada,['Gole-Mangat'],Small Businesses.
2.0,Specialized Court,275,86.0,['Hyderabad'],4,"['Immigration', 'Media and Entertainment', 'Real Estate']","['Telugu', 'Bengali', 'Urdu']",yes,Nakul Bhatti,['Chaudhari-Gopal'],Large Corporations.
1.0,Specialized Court,187,95.0,['Mumbai'],4,"['Immigration', 'Real Estate', 'Labor']","['Assamese', 'Gujarati', 'Hindi']",no,Samar Sarin,['Badal-Borra'],Individuals.
,Specialized Court,488,,['Hyderabad'],26,"['Banking and Finance', 'Medical', 'Consumer Protection']","['Assamese', 'Gujarati', 'Marathi']",no,Indrajit Johal,['Yohannan LLC'],Small Businesses.
3.0,District Court,349,116.0,['Kolkata'],11,"['Intellectual Property', 'Banking and Finance', 'Criminal']","['Telugu', 'Urdu']",no,Riaan Doctor,"['Gade', 'Apte', 'Chhabra']",Large Corporations.
2.0,Supreme Court,234,88.0,['Kolkata'],27,"['Media and Entertainment', 'Criminal', 'Civil']","['Bengali', 'Gujarati', 'Tamil']",yes,Vritika Saha,"['Grewal', 'Sunder', 'Hayer']",Large Corporations.
1.0,District Court,176,89.0,['Mumbai'],5,"['Constitutional', 'Environmental', 'Intellectual Property']","['Assamese', 'Marathi']",yes,Ehsaan Bhakta,"['Bava', 'Sons']",Individuals.
4.0,Supreme Court,379,57.0,['Chennai'],20,"['Media and Entertainment', 'Civil', 'Constitutional']","['Telugu', 'Gujarati', 'Odia']",yes,Hunar Lal,['Ganguly Inc'],Large Corporations.
2.0,District Court,159,88.0,['Delhi'],11,"['Tax', 'Criminal', 'Immigration']","['Kannada', 'Urdu', 'Malayalam']",no,Rati Bobal,"['Bhatnagar', 'Kaur', 'Anne']",Small Businesses.
1.0,High Court,127,103.0,['Mumbai'],10,"['Intellectual Property', 'Environmental', 'Medical']","['Marathi', 'Urdu', 'Hindi']",no,Badal Karpe,"['Ben', 'Goyal', 'Upadhyay']",Small Businesses.
5.0,Specialized Court,288,74.0,['Kolkata'],8,"['Medical', 'Real Estate', 'Criminal']","['Bengali', 'Tamil']",no,Tara Bath,"['Jaggi', 'Dhar', 'Rajan']",Large Corporations.
3.0,Specialized Court,180,79.0,['Hyderabad'],6,"['Media and Entertainment', 'Constitutional', 'Criminal']","['Punjabi', 'Gujarati', 'Urdu']",no,Adira Chauhan,['Zacharia Group'],Large Corporations.
4.0,Specialized Court,333,102.0,['Mumbai'],6,"['Media and Entertainment', 'Family', 'Labor']","['Gujarati', 'Odia']",no,Umang Viswanathan,['Swaminathan-Sodhi'],Large Corporations.
,Supreme Court,103,,['Chennai'],8,"['Consumer Protection', 'Intellectual Property', 'Medical']","['Kannada', 'Assamese', 'Malayalam']",no,Ira Ratta,"['Bhalla', 'Badal', 'Batra']",Large Corporations.
4.0,District Court,345,106.0,['Bangalore'],23,"['Criminal', 'Human Rights', 'Tax']","['Kannada', 'Bengali', 'Malayalam']",yes,Aaryahi Rama,['Shroff-Bhatt'],Small Businesses.
3.0,High Court,177,83.0,['Bangalore'],15,"['Medical', 'Intellectual Property', 'Intellectual Property']","['Kannada', 'Gujarati', 'Odia']",no,Nakul Rau,['Kuruvilla-Trivedi'],Individuals.
1.0,District Court,50,85.0,['Delhi'],26,"['Constitutional', 'Consumer Protection', 'Tax']","['Punjabi', 'Telugu', 'Hindi']",no,Nitya Baria,['Rau LLC'],Small Businesses.
2.0,Specialized Court,107,74.0,['Delhi'],14,"['Media and Entertainment', 'Labor', 'Immigration']","['Kannada', 'Odia', 'Malayalam']",yes,Bhamini Gour,['Dixit'],Large Corporations.
1.0,High Court,470,96.0,['Chennai'],11,"['Constitutional', 'Immigration', 'Medical']","['Assamese', 'Telugu', 'Punjabi']",yes,Urvi Borah,"['Choudhary', 'Kapoor', 'Choudhury']",Large Corporations.
2.0,High Court,440,127.0,['Hyderabad'],12,"['Labor', 'Tax', 'Criminal']","['Telugu', 'Assamese', 'Marathi']",no,Indrans Bajwa,['Khalsa-Taneja'],Small Businesses.
4.0,Specialized Court,155,102.0,['Delhi'],26,"['Labor', 'Real Estate', 'Intellectual Property']","['Punjabi', 'Marathi']",yes,Gokul Jhaveri,['Gopal Inc'],Small Businesses.
1.0,District Court,400,78.0,['Bangalore'],13,"['Family', 'Immigration', 'Intellectual Property']","['Telugu', 'Gujarati', 'Punjabi']",no,Romil Bal,"['Bera-G', 'hi']",Large Corporations.
4.0,Specialized Court,324,108.0,['Chennai'],8,"['Medical', 'Consumer Protection', 'Corporate']","['Punjabi', 'Assamese', 'Gujarati']",yes,Neelofar Dubey,"['Malhotra', 'Choudhary', 'Devi']",Small Businesses.
,District Court,487,,['Chennai'],18,"['Family', 'Media and Entertainment', 'Human Rights']","['Kannada', 'Hindi', 'Urdu']",no,Shlok Tak,['Krishnamurthy-Golla'],Large Corporations.
4.0,High Court,218,111.0,['Chennai'],25,"['Corporate', 'Consumer Protection', 'Media and Entertainment']","['Kannada', 'Hindi', 'Punjabi']",yes,Misha Kant,['Wali-Shenoy'],Small Businesses.
4.0,High Court,357,103.0,['Mumbai'],1,"['Criminal', 'Tax', 'Constitutional']","['Kannada', 'Marathi', 'Odia']",yes,Gatik Issac,"['Konda', 'Badami', 'Mangat']",Large Corporations.
2.0,Specialized Court,79,46.0,['Hyderabad'],15,"['Real Estate', 'Medical', 'Banking and Finance']","['Gujarati', 'Odia', 'Tamil']",no,Arhaan Bhalla,"['Sule', 'Madan', 'Anne']",Small Businesses.
5.0,High Court,228,75.0,['Hyderabad'],8,"['Banking and Finance', 'Environmental', 'Medical']","['Marathi', 'Odia', 'Urdu']",no,Kismat Taneja,"['Lad', 'Chatterjee', 'Sarna']",Large Corporations.
4.0,Supreme Court,484,105.0,['Delhi'],28,"['Real Estate', 'Immigration', 'Criminal']","['Telugu', 'Tamil']",yes,Dhanush Das,['Srivastava Ltd'],Individuals.
4.0,High Court,293,93.0,['Hyderabad'],11,"['Banking and Finance', 'Constitutional', 'Criminal']","['Punjabi', 'Marathi', 'Tamil']",yes,Anaya Tandon,"['An', '', 'Choudhry', 'Sen']",Individuals.
5.0,Supreme Court,180,75.0,['Kolkata'],12,"['Labor', 'Tax', 'Intellectual Property']","['Punjabi', 'Marathi']",yes,Indrajit Wason,['Dutt Inc'],Small Businesses.
5.0,High Court,104,81.0,['Bangalore'],12,"['Labor', 'Consumer Protection', 'Tax']","['Telugu', 'Odia', 'Tamil']",yes,Shaan Kadakia,['Salvi-Luthra'],Individuals.
1.0,Specialized Court,367,62.0,['Delhi'],4,"['Labor', 'Constitutional', 'Human Rights']","['Assamese', 'Kannada', 'Hindi']",no,Hridaan Balakrishnan,"['Deshp', 'e', 'Bhatnagar', 'Madan']",Large Corporations.
,Specialized Court,340,,['Hyderabad'],16,"['Tax', 'Family', 'Criminal']","['Telugu', 'Punjabi']",yes,Mohanlal Verma,"['T', 'on', 'Dayal', 'Dalal']",Small Businesses.
5.0,Supreme Court,218,124.0,['Bangalore'],4,"['Civil', 'Civil', 'Intellectual Property']","['Telugu', 'Assamese', 'Punjabi']",yes,Anay Tank,"['Trivedi', 'Bahri', 'Tank']",Small Businesses.
5.0,Specialized Court,478,103.0,['Delhi'],5,"['Banking and Finance', 'Constitutional', 'Criminal']","['Assamese', 'Hindi', 'Odia']",no,Pari Kari,"['Krishnamurthy', 'Mangal', 'Zachariah']",Large Corporations.
3.0,High Court,60,123.0,['Kolkata'],24,"['Medical', 'Media and Entertainment', 'Media and Entertainment']","['Marathi', 'Gujarati']",no,Fateh Doshi,['Sane Group'],Large Corporations.
5.0,High Court,187,104.0,['Bangalore'],5,"['Family', 'Environmental', 'Banking and Finance']","['Assamese', 'Hindi', 'Odia']",no,Mannat Kulkarni,['Kapadia-Biswas'],Large Corporations.
2.0,Specialized Court,464,106.0,['Kolkata'],8,"['Tax', 'Intellectual Property', 'Human Rights']","['Assamese', 'Telugu', 'Gujarati']",no,Neysa Varkey,['Dada Group'],Small Businesses.
4.0,High Court,194,120.0,['Bangalore'],10,"['Immigration', 'Immigration', 'Intellectual Property']","['Punjabi', 'Marathi']",no,Jayan Buch,"['Garde', 'Sons']",Large Corporations.
4.0,District Court,164,96.0,['Mumbai'],17,"['Real Estate', 'Environmental', 'Corporate']","['Odia', 'Tamil']",no,Saksham Trivedi,['Mahajan Ltd'],Individuals.
4.0,District Court,290,88.0,['Mumbai'],28,"['Consumer Protection', 'Labor', 'Banking and Finance']","['Kannada', 'Gujarati']",yes,Hansh Arya,['Upadhyay PLC'],Small Businesses.
4.0,High Court,421,106.0,['Bangalore'],26,"['Environmental', 'Human Rights', 'Banking and Finance']","['Assamese', 'Tamil']",yes,Krish Manne,['Guha-Dasgupta'],Large Corporations.
,Specialized Court,96,,['Bangalore'],9,"['Constitutional', 'Corporate', 'Medical']","['Assamese', 'Gujarati', 'Hindi']",no,Madhup Kalla,"['Rama', 'Bhatnagar', 'Suri']",Small Businesses.
5.0,Supreme Court,474,83.0,['Kolkata'],22,"['Family', 'Consumer Protection', 'Constitutional']","['Bengali', 'Hindi', 'Odia']",no,Adira Gopal,['Lad Ltd'],Individuals.
4.0,Specialized Court,408,80.0,['Hyderabad'],19,"['Intellectual Property', 'Human Rights', 'Human Rights']","['Punjabi', 'Telugu', 'Malayalam']",no,Vardaniya Rau,['Chad PLC'],Individuals.
1.0,Supreme Court,132,93.0,['Chennai'],29,"['Human Rights', 'Human Rights', 'Medical']","['Assamese', 'Tamil', 'Urdu']",yes,Hazel Lal,"['Choudhary-M', '']",Large Corporations.
4.0,Specialized Court,370,103.0,['Bangalore'],14,"['Immigration', 'Tax', 'Intellectual Property']","['Punjabi', 'Hindi', 'Urdu']",yes,Gatik Kala,"['Borah', 'Ramanathan', 'Agrawal']",Small Businesses.
5.0,High Court,223,102.0,['Delhi'],8,"['Media and Entertainment', 'Real Estate', 'Human Rights']","['Bengali', 'Gujarati', 'Urdu']",no,Shayak Chanda,['Ratta'],Large Corporations.
4.0,District Court,231,69.0,['Delhi'],9,"['Medical', 'Labor', 'Environmental']","['Bengali', 'Hindi']",no,Ela Kohli,"['Lalla', 'Srinivas', 'Zacharia']",Small Businesses.
3.0,Specialized Court,402,119.0,['Delhi'],22,"['Media and Entertainment', 'Intellectual Property', 'Human Rights']","['Assamese', 'Kannada', 'Punjabi']",yes,Manjari Balakrishnan,"['Keer', 'Banerjee', 'Kunda']",Large Corporations.
2.0,Supreme Court,483,81.0,['Mumbai'],11,"['Media and Entertainment', 'Constitutional', 'Criminal']","['Marathi', 'Odia', 'Urdu']",yes,Miraan Balan,"['Chahal', 'Sharma', 'Bhatt']",Large Corporations.
2.0,District Court,107,87.0,['Hyderabad'],23,"['Media and Entertainment', 'Civil', 'Medical']","['Kannada', 'Assamese', 'Urdu']",yes,Krish Dubey,"['An', '', 'Sons']",Small Businesses.
,Supreme Court,239,,['Kolkata'],1,"['Consumer Protection', 'Environmental', 'Immigration']","['Bengali', 'Assamese', 'Tamil']",yes,Nitya Shah,"['Singh', 'Bajaj', 'Sen']",Small Businesses.
2.0,High Court,266,131.0,['Hyderabad'],14,"['Family', 'Family', 'Constitutional']","['Bengali', 'Assamese', 'Tamil']",yes,Bhamini Kibe,['Sant PLC'],Individuals.
2.0,District Court,219,94.0,['Mumbai'],5,"['Environmental', 'Corporate', 'Corporate']","['Punjabi', 'Telugu', 'Urdu']",no,Nishith Handa,"['Upadhyay', 'Gill', 'Majumdar']",Individuals.
1.0,Supreme Court,213,78.0,['Hyderabad'],21,"['Tax', 'Criminal', 'Consumer Protection']","['Marathi', 'Hindi', 'Malayalam']",yes,Raghav Rajan,['Sarraf-Singhal'],Small Businesses.
5.0,Specialized Court,74,103.0,['Hyderabad'],26,"['Medical', 'Media and Entertainment', 'Intellectual Property']","['Kannada', 'Hindi', 'Odia']",yes,Nayantara Sanghvi,"['Sami', 'Shanker', 'Zachariah']",Individuals.
5.0,High Court,358,102.0,['Delhi'],14,"['Criminal', 'Labor', 'Immigration']","['Kannada', 'Malayalam', 'Punjabi']",no,Sumer Halder,['Sabharwal-Mani'],Individuals.
2.0,High Court,246,88.0,['Bangalore'],4,"['Constitutional', 'Human Rights', 'Intellectual Property']","['Gujarati', 'Hindi', 'Malayalam']",yes,Shray Sura,['Sachar Group'],Small Businesses.
2.0,High Court,138,103.0,['Delhi'],22,"['Family', 'Civil', 'Tax']","['Kannada', 'Marathi', 'Tamil']",no,Priyansh Talwar,['Yogi-Bassi'],Small Businesses.
2.0,Specialized Court,417,78.0,['Hyderabad'],23,"['Civil', 'Criminal', 'Criminal']","['Assamese', 'Bengali', 'Tamil']",no,Amira Choudhary,['Sachar-Deol'],Small Businesses.
3.0,Specialized Court,411,83.0,['Bangalore'],25,"['Labor', 'Corporate', 'Civil']","['Bengali', 'Gujarati', 'Tamil']",yes,Ishita Gulati,['Dutta Group'],Large Corporations.
,District Court,269,,['Kolkata'],1,"['Labor', 'Real Estate', 'Labor']","['Kannada', 'Hindi']",no,Sumer Wali,"['Chaudhuri', 'Sons']",Small Businesses.
3.0,Specialized Court,184,71.0,['Chennai'],22,"['Constitutional', 'Real Estate', 'Family']","['Telugu', 'Marathi', 'Hindi']",no,Hiran Saxena,['Sachdeva Ltd'],Small Businesses.
5.0,District Court,337,118.0,['Bangalore'],23,"['Environmental', 'Immigration', 'Tax']","['Telugu', 'Gujarati', 'Urdu']",no,Aayush Lalla,['Raman-Mane'],Small Businesses.
1.0,High Court,180,115.0,['Mumbai'],19,"['Banking and Finance', 'Banking and Finance', 'Medical']","['Bengali', 'Gujarati', 'Tamil']",no,Zain Rajagopal,"['Rajagopalan', 'M', 'a', 'M', 'al']",Individuals.
4.0,District Court,156,91.0,['Delhi'],8,"['Consumer Protection', 'Corporate', 'Immigration']","['Kannada', 'Marathi', 'Odia']",yes,Bhavin Arya,['Sha Inc'],Small Businesses.
1.0,Supreme Court,379,115.0,['Delhi'],15,"['Tax', 'Corporate', 'Tax']","['Bengali', 'Marathi', 'Tamil']",yes,Aarav Rajan,"['Kadakia', 'Karan', 'Lata']",Individuals.
5.0,High Court,68,88.0,['Hyderabad'],21,"['Labor', 'Criminal', 'Real Estate']","['Telugu', 'Hindi', 'Punjabi']",yes,Hunar Chadha,"['Khanna', 'Sons']",Large Corporations.
5.0,High Court,93,87.0,['Hyderabad'],15,"['Family', 'Civil', 'Intellectual Property']","['Assamese', 'Gujarati', 'Marathi']",yes,Shanaya Sachdev,['Vora-Behl'],Small Businesses.
1.0,District Court,53,91.0,['Hyderabad'],9,"['Intellectual Property', 'Environmental', 'Intellectual Property']","['Bengali', 'Gujarati', 'Hindi']",yes,Reyansh Anand,['Ramesh-Subramanian'],Small Businesses.
1.0,High Court,119,89.0,['Hyderabad'],21,"['Real Estate', 'Tax', 'Environmental']","['Bengali', 'Gujarati', 'Hindi']",no,Aniruddh Ben,"['Sharaf', 'Loyal', 'Kara']",Individuals.
,Specialized Court,81,,['Delhi'],9,"['Banking and Finance', 'Banking and Finance', 'Media and Entertainment']","['Punjabi', 'Gujarati', 'Urdu']",yes,Rania Trivedi,"['Chaudhry', 'Sons']",Large Corporations.
5.0,Supreme Court,498,108.0,['Bangalore'],10,"['Real Estate', 'Criminal', 'Family']","['Telugu', 'Bengali', 'Odia']",yes,Faiyaz Agate,['Ray Group'],Small Businesses.
2.0,District Court,180,93.0,['Kolkata'],20,"['Immigration', 'Family', 'Family']","['Telugu', 'Marathi', 'Malayalam']",no,Armaan Kannan,['Roy Group'],Large Corporations.
1.0,District Court,117,101.0,['Bangalore'],25,"['Consumer Protection', 'Human Rights', 'Real Estate']","['Telugu', 'Gujarati', 'Hindi']",yes,Tejas Banerjee,['Vyas Ltd'],Large Corporations.
4.0,High Court,158,106.0,['Mumbai'],21,"['Media and Entertainment', 'Real Estate', 'Criminal']","['Kannada', 'Tamil']",yes,Eva Sandal,"['Venkatesh', 'Tiwari', 'M', '']",Small Businesses.
5.0,Specialized Court,471,96.0,['Delhi'],26,"['Corporate', 'Human Rights', 'Labor']","['Assamese', 'Hindi', 'Odia']",yes,Azad Sen,['Borra-Buch'],Large Corporations.
3.0,High Court,284,76.0,['Bangalore'],9,"['Banking and Finance', 'Real Estate', 'Banking and Finance']","['Punjabi', 'Telugu', 'Marathi']",no,Vivaan Kapadia,"['Ch', 'ran', 'Bera', 'Sahni']",Large Corporations.
3.0,High Court,214,70.0,['Delhi'],3,"['Criminal', 'Immigration', 'Banking and Finance']","['Bengali', 'Assamese', 'Odia']",no,Lakshit Venkatesh,['Dhar-Jain'],Small Businesses.
4.0,District Court,443,93.0,['Mumbai'],20,"['Constitutional', 'Environmental', 'Human Rights']","['Punjabi', 'Assamese']",yes,Samar Garg,"['Sidhu', 'Khanna', 'Khanna']",Individuals.
2.0,High Court,228,88.0,['Chennai'],25,"['Immigration', 'Family', 'Civil']","['Punjabi', 'Kannada']",yes,Vidur Sha,"['Khatri', 'Chada', 'Wali']",Small Businesses.
,Supreme Court,201,,['Chennai'],26,"['Corporate', 'Real Estate', 'Media and Entertainment']","['Punjabi', 'Hindi', 'Urdu']",no,Vidur Swamy,['Banik Inc'],Large Corporations.
5.0,High Court,143,90.0,['Chennai'],11,"['Tax', 'Criminal', 'Consumer Protection']","['Kannada', 'Marathi', 'Odia']",no,Manjari Samra,"['Rege', 'Dugar', 'Vora']",Small Businesses.
1.0,High Court,220,129.0,['Delhi'],6,"['Media and Entertainment', 'Family', 'Civil']","['Tamil', 'Odia', 'Urdu']",no,Fateh Sahota,"['Iyer', 'Barad', 'Bail']",Individuals.
5.0,District Court,193,71.0,['Bangalore'],2,"['Banking and Finance', 'Criminal', 'Medical']","['Gujarati', 'Odia', 'Tamil']",yes,Jivika Rege,['Wagle Group'],Large Corporations.
3.0,High Court,355,61.0,['Delhi'],7,"['Civil', 'Tax', 'Corporate']","['Kannada', 'Urdu']",yes,Madhup Uppal,"['Kannan', 'Saraf', 'Goda']",Large Corporations.
1.0,Specialized Court,180,95.0,['Kolkata'],18,"['Civil', 'Tax', 'Medical']","['Bengali', 'Gujarati', 'Tamil']",yes,Darshit Gole,['Raja Ltd'],Individuals.
4.0,District Court,310,85.0,['Bangalore'],27,"['Criminal', 'Human Rights', 'Environmental']","['Punjabi', 'Marathi', 'Hindi']",yes,Reyansh Zacharia,['Bali-Warrior'],Individuals.
2.0,High Court,80,95.0,['Mumbai'],2,"['Consumer Protection', 'Real Estate', 'Medical']","['Kannada', 'Assamese', 'Tamil']",no,Samarth Din,['Karpe-Chowdhury'],Large Corporations.
4.0,Supreme Court,136,99.0,['Hyderabad'],27,"['Labor', 'Real Estate', 'Consumer Protection']","['Telugu', 'Punjabi', 'Malayalam']",no,Shalv Guha,['Garg-Dara'],Individuals.
2.0,Supreme Court,233,110.0,['Chennai'],17,"['Medical', 'Civil', 'Corporate']","['Gujarati', 'Hindi', 'Urdu']",yes,Shray Sami,"['Gill', 'Khare', 'Balakrishnan']",Small Businesses.
,District Court,472,,['Bangalore'],11,"['Family', 'Tax', 'Criminal']","['Kannada', 'Assamese', 'Gujarati']",no,Miraya Dhawan,"['Dar', 'Dixit', 'Ahluwalia']",Individuals.
1.0,District Court,220,82.0,['Bangalore'],27,"['Immigration', 'Environmental', 'Corporate']","['Assamese', 'Hindi', 'Malayalam']",no,Nitya Dhaliwal,['Bali-Edwin'],Small Businesses.
2.0,High Court,349,97.0,['Chennai'],12,"['Human Rights', 'Environmental', 'Corporate']","['Bengali', 'Hindi', 'Urdu']",yes,Ahana  Balan,['Raja-Chaudhari'],Large Corporations.
3.0,Specialized Court,165,102.0,['Mumbai'],27,"['Banking and Finance', 'Labor', 'Real Estate']","['Kannada', 'Gujarati', 'Odia']",yes,Saira Upadhyay,"['Varughese', 'Shroff', 'Goyal']",Large Corporations.
5.0,High Court,107,123.0,['Delhi'],19,"['Immigration', 'Labor', 'Real Estate']","['Kannada', 'Hindi', 'Punjabi']",yes,Saira Chhabra,"['Sachdev', 'Agarwal', 'Hayer']",Large Corporations.
4.0,Supreme Court,76,105.0,['Delhi'],22,"['Banking and Finance', 'Immigration', 'Corporate']","['Bengali', 'Marathi', 'Odia']",yes,Shalv Chawla,['Borah LLC'],Large Corporations.
4.0,Specialized Court,187,90.0,['Hyderabad'],24,"['Constitutional', 'Tax', 'Media and Entertainment']","['Odia', 'Urdu']",no,Divit Amble,['Gupta-Mannan'],Large Corporations.
4.0,Specialized Court,121,77.0,['Bangalore'],25,"['Banking and Finance', 'Criminal', 'Tax']","['Assamese', 'Telugu', 'Malayalam']",yes,Vardaniya Bora,['Char-Mallick'],Individuals.
1.0,Specialized Court,128,82.0,['Chennai'],7,"['Constitutional', 'Criminal', 'Media and Entertainment']","['Assamese', 'Bengali', 'Odia']",yes,Shayak Ben,[],Individuals.
4.0,High Court,392,82.0,['Kolkata'],20,"['Banking and Finance', 'Intellectual Property', 'Consumer Protection']","['Telugu', 'Urdu', 'Punjabi']",yes,Bhavin Dua,"['Gala', 'Kapur', 'Raja']",Large Corporations.
,Supreme Court,57,,['Mumbai'],6,"['Civil', 'Family', 'Constitutional']","['Telugu', 'Marathi']",no,Parinaaz Badal,['Lad-Seshadri'],Individuals.
5.0,District Court,301,94.0,['Delhi'],21,"['Civil', 'Constitutional', 'Constitutional']","['Gujarati', 'Tamil']",no,Rasha Desai,['Sachdeva-Vaidya'],Individuals.
2.0,High Court,221,71.0,['Mumbai'],24,"['Consumer Protection', 'Human Rights', 'Human Rights']","['Tamil', 'Urdu', 'Malayalam']",yes,Indrans Shukla,"['Sengupta', 'Chhabra', 'Rao']",Large Corporations.
1.0,District Court,278,84.0,['Mumbai'],1,"['Media and Entertainment', 'Labor', 'Human Rights']","['Telugu', 'Odia']",yes,Ishita Balasubramanian,"['Sastry', 'Bala', 'Dyal']",Individuals.
5.0,Specialized Court,303,104.0,['Hyderabad'],17,"['Environmental', 'Human Rights', 'Criminal']","['Assamese', 'Malayalam']",no,Manikya Dugal,"['Balakrishnan', 'Chad', 'G', 'hi']",Large Corporations.
3.0,Specialized Court,191,96.0,['Mumbai'],29,"['Media and Entertainment', 'Real Estate', 'Civil']","['Assamese', 'Marathi', 'Gujarati']",yes,Eva Hayer,"['Ch', 'Group']",Large Corporations.
1.0,High Court,183,99.0,['Chennai'],11,"['Intellectual Property', 'Immigration', 'Environmental']","['Assamese', 'Telugu', 'Marathi']",yes,Rohan Dave,"['Guha', 'B', 'i', 'Rastogi']",Large Corporations.
1.0,Supreme Court,380,96.0,['Hyderabad'],22,"['Intellectual Property', 'Media and Entertainment', 'Family']","['Gujarati', 'Urdu', 'Malayalam']",yes,Kabir Kakar,['Subramaniam-Bhatia'],Large Corporations.
5.0,Specialized Court,442,115.0,['Chennai'],26,"['Environmental', 'Environmental', 'Criminal']","['Assamese', 'Hindi']",no,Eshani Kapoor,"['Sidhu', 'Seshadri', 'Dada']",Individuals.
3.0,District Court,137,94.0,['Hyderabad'],28,"['Labor', 'Constitutional', 'Corporate']","['Bengali', 'Urdu', 'Malayalam']",yes,Suhana Sachdev,"['Walla', 'Sons']",Individuals.
,District Court,94,,['Chennai'],18,"['Intellectual Property', 'Corporate', 'Media and Entertainment']","['Kannada', 'Marathi']",yes,Yuvraj  Sawhney,['Singh Ltd'],Small Businesses.
5.0,High Court,454,77.0,['Hyderabad'],21,"['Consumer Protection', 'Immigration', 'Real Estate']","['Telugu', 'Marathi', 'Hindi']",yes,Shamik Chandra,"['Bir', 'Srinivasan', 'Bala']",Small Businesses.
3.0,District Court,207,94.0,['Hyderabad'],17,"['Human Rights', 'Corporate', 'Human Rights']","['Punjabi', 'Bengali', 'Hindi']",no,Ahana  Rau,"['Khosla', 'Hayer', 'Chakrabarti']",Large Corporations.
1.0,Supreme Court,298,54.0,['Bangalore'],7,"['Human Rights', 'Consumer Protection', 'Intellectual Property']","['Assamese', 'Gujarati', 'Tamil']",yes,Drishya Gandhi,"['Amble', 'Rao', 'Kapur']",Small Businesses.
3.0,Specialized Court,212,88.0,['Chennai'],17,"['Family', 'Tax', 'Tax']","['Tamil', 'Marathi', 'Urdu']",yes,Aaina Sampath,"['Ben', 'Mallick', 'Kala']",Individuals.
1.0,District Court,107,87.0,['Bangalore'],20,"['Family', 'Corporate', 'Media and Entertainment']","['Punjabi', 'Marathi', 'Odia']",yes,Riaan Chawla,['Tella-Ganesh'],Individuals.
5.0,District Court,315,70.0,['Hyderabad'],9,"['Human Rights', 'Corporate', 'Banking and Finance']","['Kannada', 'Gujarati', 'Odia']",no,Manjari Sant,"['Rege', 'Chauhan', 'Venkatesh']",Small Businesses.
5.0,Specialized Court,286,77.0,['Delhi'],17,"['Immigration', 'Human Rights', 'Immigration']","['Bengali', 'Assamese', 'Marathi']",no,Madhav Upadhyay,"['Devi', 'Wagle', 'Khatri']",Small Businesses.
4.0,High Court,141,103.0,['Hyderabad'],20,"['Medical', 'Consumer Protection', 'Media and Entertainment']","['Kannada', 'Marathi']",yes,Badal Biswas,"['Sur', 'Lad', 'Dhillon']",Individuals.
4.0,District Court,253,94.0,['Delhi'],22,"['Real Estate', 'Civil', 'Medical']","['Bengali', 'Odia', 'Urdu']",yes,Keya Sangha,['Khare-Kapadia'],Small Businesses.
,High Court,409,,['Delhi'],22,"['Environmental', 'Medical', 'Medical']","['Bengali', 'Marathi', 'Hindi']",no,Taran Johal,"['Kant', 'Garde', 'Bora']",Individuals.
5.0,High Court,316,95.0,['Delhi'],28,"['Family', 'Civil', 'Banking and Finance']","['Bengali', 'Gujarati']",yes,Jivika Kulkarni,['Brar PLC'],Individuals.
2.0,District Court,94,92.0,['Delhi'],29,"['Medical', 'Civil', 'Real Estate']","['Hindi', 'Tamil']",no,Ira Bora,"['Anne', 'Dubey', 'Chad']",Small Businesses.
5.0,Supreme Court,297,109.0,['Chennai'],8,"['Medical', 'Tax', 'Constitutional']","['Telugu', 'Marathi', 'Tamil']",no,Yasmin Guha,['Goswami-Sangha'],Small Businesses.
3.0,High Court,366,92.0,['Kolkata'],17,"['Corporate', 'Constitutional', 'Environmental']","['Kannada', 'Bengali', 'Urdu']",no,Ritvik Karan,"['Baria', 'Ranganathan', 'Khosla']",Large Corporations.
5.0,District Court,407,69.0,['Chennai'],7,"['Civil', 'Immigration', 'Media and Entertainment']","['Kannada', 'Odia']",yes,Yakshit Subramaniam,['Sehgal-Zachariah'],Large Corporations.
5.0,High Court,333,115.0,['Kolkata'],1,"['Constitutional', 'Immigration', 'Consumer Protection']","['Telugu', 'Odia', 'Tamil']",no,Lavanya Keer,['Walla-Ghose'],Large Corporations.
1.0,Specialized Court,119,96.0,['Chennai'],13,"['Consumer Protection', 'Banking and Finance', 'Media and Entertainment']","['Telugu', 'Hindi', 'Malayalam']",no,Saira Vasa,['Sha-Apte'],Large Corporations.
1.0,Supreme Court,370,82.0,['Delhi'],23,"['Human Rights', 'Real Estate', 'Banking and Finance']","['Hindi', 'Urdu', 'Malayalam']",yes,Kartik Mannan,"['Baral', 'Singh', 'Savant']",Large Corporations.
1.0,Supreme Court,355,72.0,['Mumbai'],19,"['Intellectual Property', 'Civil', 'Real Estate']","['Assamese', 'Gujarati']",yes,Arhaan Deep,['Bose-Divan'],Individuals.
,Specialized Court,61,,['Hyderabad'],27,"['Environmental', 'Tax', 'Human Rights']","['Bengali', 'Urdu', 'Tamil']",yes,Veer Chaudry,['Mahajan LLC'],Small Businesses.
2.0,Specialized Court,235,89.0,['Kolkata'],24,"['Immigration', 'Real Estate', 'Tax']","['Assamese', 'Hindi']",no,Lakshit Kothari,"['Ch', 'er', 'Sons']",Individuals.
3.0,High Court,200,114.0,['Mumbai'],19,"['Human Rights', 'Medical', 'Consumer Protection']","['Telugu', 'Assamese', 'Urdu']",no,Heer Borde,"['Arya', 'Bhargava', 'Ratta']",Large Corporations.
3.0,Specialized Court,351,85.0,['Delhi'],29,"['Criminal', 'Family', 'Media and Entertainment']","['Assamese', 'Kannada', 'Urdu']",yes,Dhruv Goda,['Wason-Badami'],Large Corporations.
2.0,Supreme Court,147,78.0,['Kolkata'],17,"['Constitutional', 'Real Estate', 'Human Rights']","['Kannada', 'Gujarati', 'Marathi']",no,Kashvi Aurora,"['Andra', 'Banik', 'Andra']",Small Businesses.
2.0,Specialized Court,316,104.0,['Mumbai'],13,"['Corporate', 'Human Rights', 'Family']","['Telugu', 'Gujarati', 'Hindi']",yes,Nitya Khosla,['Chakrabarti-Madan'],Individuals.
3.0,District Court,461,104.0,['Chennai'],29,"['Medical', 'Human Rights', 'Medical']","['Assamese', 'Gujarati', 'Odia']",yes,Alisha Acharya,"['Raja', 'Madan', 'Kadakia']",Large Corporations.
4.0,District Court,409,93.0,['Delhi'],16,"['Intellectual Property', 'Constitutional', 'Corporate']","['Assamese', 'Kannada', 'Marathi']",yes,Advik Brar,['Edwin Group'],Large Corporations.
1.0,High Court,465,101.0,['Chennai'],8,"['Corporate', 'Labor', 'Intellectual Property']","['Odia', 'Urdu']",yes,Ira Gara,['Raval-Bava'],Large Corporations.
1.0,Supreme Court,490,90.0,['Chennai'],19,"['Civil', 'Media and Entertainment', 'Constitutional']","['Assamese', 'Tamil', 'Urdu']",yes,Miraan Raman,"['Bail', 'Bahri', 'Dar']",Large Corporations.
,District Court,55,,['Delhi'],18,"['Human Rights', 'Corporate', 'Constitutional']","['Hindi', 'Tamil', 'Malayalam']",no,Umang Jhaveri,"['Grover', 'Sons']",Individuals.
2.0,Specialized Court,330,108.0,['Kolkata'],1,"['Banking and Finance', 'Media and Entertainment', 'Medical']","['Telugu', 'Urdu', 'Tamil']",no,Umang Batra,['Atwal-Tak'],Individuals.
4.0,District Court,236,100.0,['Hyderabad'],14,"['Civil', 'Civil', 'Environmental']","['Punjabi', 'Gujarati', 'Marathi']",yes,Aarav Lal,"['M', '-Dewan']",Large Corporations.
3.0,District Court,437,88.0,['Bangalore'],19,"['Consumer Protection', 'Banking and Finance', 'Medical']","['Telugu', 'Malayalam']",no,Riya Basu,['Dayal Ltd'],Individuals.
1.0,High Court,163,111.0,['Bangalore'],15,"['Medical', 'Consumer Protection', 'Labor']","['Punjabi', 'Gujarati', 'Tamil']",no,Akarsh Kala,"['Khanna', 'Lala', 'Sekhon']",Large Corporations.
5.0,Specialized Court,491,55.0,['Hyderabad'],18,"['Labor', 'Banking and Finance', 'Civil']","['Telugu', 'Marathi', 'Hindi']",yes,Veer Gaba,"['Keer', 'Mannan', 'Swaminathan']",Small Businesses.
2.0,Specialized Court,326,121.0,['Delhi'],2,"['Media and Entertainment', 'Labor', 'Human Rights']","['Marathi', 'Urdu', 'Malayalam']",no,Samarth Hari,['Mane-Kashyap'],Small Businesses.
5.0,Specialized Court,407,65.0,['Bangalore'],22,"['Immigration', 'Environmental', 'Family']","['Assamese', 'Hindi', 'Punjabi']",no,Darshit Tak,['Varghese-Hora'],Small Businesses.
3.0,High Court,89,81.0,['Hyderabad'],28,"['Medical', 'Real Estate', 'Constitutional']","['Kannada', 'Hindi', 'Tamil']",yes,Ishita Kala,['Ramaswamy LLC'],Individuals.
1.0,Specialized Court,133,90.0,['Mumbai'],17,"['Constitutional', 'Tax', 'Civil']","['Kannada', 'Marathi', 'Hindi']",no,Priyansh Dara,"['T', 'on LLC']",Large Corporations.
,Specialized Court,391,,['Hyderabad'],18,"['Tax', 'Medical', 'Constitutional']","['Punjabi', 'Hindi', 'Odia']",no,Badal Basak,"['Butala', 'Bala', 'Salvi']",Small Businesses.
5.0,District Court,60,106.0,['Kolkata'],6,"['Tax', 'Corporate', 'Consumer Protection']","['Bengali', 'Gujarati', 'Urdu']",no,Devansh Kumer,"['Srinivas', 'Sons']",Small Businesses.
4.0,District Court,418,75.0,['Hyderabad'],19,"['Media and Entertainment', 'Immigration', 'Corporate']","['Bengali', 'Hindi']",no,Krish Kulkarni,['Jaggi-Koshy'],Individuals.
1.0,Specialized Court,56,94.0,['Chennai'],4,"['Constitutional', 'Criminal', 'Civil']","['Telugu', 'Kannada', 'Hindi']",no,Pranay Talwar,"['Shroff', 'Ratti', 'Saran']",Individuals.
5.0,Supreme Court,346,82.0,['Chennai'],1,"['Criminal', 'Corporate', 'Tax']","['Kannada', 'Hindi', 'Punjabi']",yes,Abram Dave,['Bail PLC'],Small Businesses.
4.0,Supreme Court,214,95.0,['Delhi'],8,"['Consumer Protection', 'Medical', 'Human Rights']","['Assamese', 'Tamil', 'Urdu']",yes,Jiya Doctor,['Doshi-Gopal'],Large Corporations.
4.0,Specialized Court,325,90.0,['Chennai'],29,"['Immigration', 'Constitutional', 'Labor']","['Telugu', 'Bengali', 'Urdu']",yes,Manjari Dar,['Dutt-Deshmukh'],Large Corporations.
5.0,Supreme Court,363,92.0,['Mumbai'],23,"['Corporate', 'Environmental', 'Media and Entertainment']","['Punjabi', 'Bengali']",yes,Ayesha Malhotra,"['Krishnan', 'Krishnan', 'Mahajan']",Large Corporations.
1.0,High Court,204,82.0,['Hyderabad'],7,"['Criminal', 'Constitutional', 'Corporate']","['Punjabi', 'Telugu', 'Assamese']",yes,Prisha Date,['Sodhi LLC'],Small Businesses.
4.0,District Court,99,83.0,['Mumbai'],3,"['Real Estate', 'Medical', 'Banking and Finance']","['Odia', 'Tamil']",no,Yakshit Bala,['Dube-Bakshi'],Individuals.
,High Court,81,,['Delhi'],10,"['Constitutional', 'Human Rights', 'Tax']","['Urdu', 'Tamil', 'Malayalam']",no,Lakshit Sule,['Bawa Ltd'],Large Corporations.
5.0,District Court,315,105.0,['Chennai'],10,"['Corporate', 'Real Estate', 'Intellectual Property']","['Kannada', 'Marathi', 'Odia']",yes,Devansh Aggarwal,"['Konda', 'Mangat', 'B', 'i']",Small Businesses.
2.0,Supreme Court,284,82.0,['Bangalore'],19,"['Media and Entertainment', 'Family', 'Family']","['Telugu', 'Gujarati', 'Malayalam']",yes,Yakshit Ramesh,"['Balasubramanian', 'Sons']",Small Businesses.
2.0,Supreme Court,384,77.0,['Hyderabad'],14,"['Media and Entertainment', 'Human Rights', 'Family']","['Urdu', 'Malayalam']",yes,Hrishita Shankar,"['M', 'er-Tank']",Individuals.
1.0,Specialized Court,279,100.0,['Bangalore'],2,"['Tax', 'Constitutional', 'Immigration']","['Kannada', 'Bengali', 'Tamil']",no,Sara Kant,['Cheema-Khosla'],Large Corporations.
3.0,Supreme Court,240,90.0,['Kolkata'],28,"['Family', 'Constitutional', 'Immigration']","['Hindi', 'Urdu', 'Tamil']",no,Kartik Deshmukh,['Bal-Bath'],Small Businesses.
4.0,Supreme Court,229,103.0,['Delhi'],1,"['Environmental', 'Tax', 'Human Rights']","['Assamese', 'Gujarati', 'Malayalam']",no,Purab Sharma,"['Bh', 'ari-Tara']",Large Corporations.
2.0,Specialized Court,62,77.0,['Kolkata'],23,"['Labor', 'Real Estate', 'Civil']","['Kannada', 'Assamese', 'Marathi']",no,Aayush Apte,['Chahal PLC'],Large Corporations.
1.0,Specialized Court,201,64.0,['Bangalore'],23,"['Tax', 'Corporate', 'Consumer Protection']","['Assamese', 'Hindi', 'Odia']",no,Badal Bajaj,['Mahajan Group'],Large Corporations.
3.0,District Court,489,83.0,['Bangalore'],28,"['Immigration', 'Family', 'Family']","['Assamese', 'Hindi', 'Malayalam']",no,Vaibhav Bhatnagar,"['Yogi', 'Chaudry', 'Kapoor']",Small Businesses.
,Supreme Court,443,,['Bangalore'],18,"['Media and Entertainment', 'Labor', 'Environmental']","['Kannada', 'Marathi', 'Odia']",yes,Suhana Dewan,['Sarin PLC'],Large Corporations.
1.0,District Court,198,89.0,['Kolkata'],7,"['Banking and Finance', 'Criminal', 'Banking and Finance']","['Kannada', 'Gujarati', 'Malayalam']",no,Kabir Dyal,"['Kapoor', 'Dhar', 'Rout']",Individuals.
1.0,District Court,315,81.0,['Delhi'],29,"['Civil', 'Civil', 'Human Rights']","['Telugu', 'Hindi', 'Tamil']",yes,Ojas Lanka,['Savant-Vora'],Small Businesses.
4.0,High Court,431,102.0,['Hyderabad'],8,"['Environmental', 'Immigration', 'Civil']","['Bengali', 'Kannada', 'Tamil']",yes,Faiyaz Vyas,"['Tailor', 'Gokhale', 'Kade']",Small Businesses.
1.0,Supreme Court,249,86.0,['Hyderabad'],1,"['Environmental', 'Constitutional', 'Immigration']","['Telugu', 'Assamese', 'Gujarati']",no,Jhanvi Doshi,['Mangat LLC'],Large Corporations.
4.0,Supreme Court,58,93.0,['Mumbai'],25,"['Family', 'Real Estate', 'Banking and Finance']","['Kannada', 'Marathi']",no,Faiyaz Dave,['Walla Group'],Large Corporations.
4.0,High Court,84,93.0,['Mumbai'],23,"['Labor', 'Civil', 'Intellectual Property']","['Marathi', 'Urdu', 'Hindi']",no,Jivin Aggarwal,['Dugar Ltd'],Large Corporations.
5.0,District Court,280,93.0,['Bangalore'],3,"['Media and Entertainment', 'Human Rights', 'Constitutional']","['Gujarati', 'Odia', 'Urdu']",no,Ehsaan Sama,['Agrawal Group'],Small Businesses.
3.0,Supreme Court,486,90.0,['Delhi'],24,"['Human Rights', 'Immigration', 'Tax']","['Assamese', 'Hindi', 'Odia']",no,Pranay Dutt,['Subramanian-Bains'],Individuals.
3.0,District Court,362,98.0,['Delhi'],23,"['Labor', 'Medical', 'Human Rights']","['Telugu', 'Gujarati', 'Hindi']",no,Himmat Mandal,['Saxena PLC'],Individuals.
,High Court,82,,['Chennai'],27,"['Real Estate', 'Banking and Finance', 'Banking and Finance']","['Assamese', 'Kannada', 'Malayalam']",no,Madhup Hayre,['Desai PLC'],Small Businesses.
5.0,Specialized Court,135,111.0,['Chennai'],29,"['Real Estate', 'Immigration', 'Consumer Protection']","['Punjabi', 'Assamese', 'Marathi']",no,Nakul Gera,"['Bh', 'ari PLC']",Individuals.
4.0,District Court,397,87.0,['Kolkata'],8,"['Intellectual Property', 'Banking and Finance', 'Real Estate']","['Punjabi', 'Marathi', 'Malayalam']",yes,Oorja Sridhar,['Sengupta-De'],Large Corporations.
4.0,Supreme Court,429,71.0,['Chennai'],22,"['Tax', 'Labor', 'Human Rights']","['Hindi', 'Urdu']",yes,Madhup Rama,"['Khurana', 'Agate', 'Kala']",Small Businesses.
1.0,Specialized Court,328,93.0,['Hyderabad'],25,"['Tax', 'Labor', 'Civil']","['Punjabi', 'Hindi', 'Odia']",no,Kabir Sabharwal,"['Bhasin', 'Sons']",Individuals.
5.0,District Court,340,78.0,['Hyderabad'],15,"['Tax', 'Human Rights', 'Intellectual Property']","['Gujarati', 'Urdu']",yes,Ela Goswami,"['Yogi', 'G', 'hi', 'Thakkar']",Small Businesses.
1.0,District Court,63,100.0,['Kolkata'],5,"['Intellectual Property', 'Labor', 'Media and Entertainment']","['Telugu', 'Gujarati', 'Tamil']",no,Lakshit Chhabra,"['Choudhry', 'Sons']",Individuals.
5.0,Specialized Court,423,124.0,['Mumbai'],3,"['Consumer Protection', 'Consumer Protection', 'Tax']","['Kannada', 'Hindi', 'Malayalam']",yes,Jayant Rastogi,['Bose-Bhatt'],Small Businesses.
1.0,Specialized Court,405,79.0,['Bangalore'],19,"['Criminal', 'Intellectual Property', 'Family']","['Punjabi', 'Urdu', 'Malayalam']",yes,Ela Mallick,['Bhattacharyya-Keer'],Individuals.
2.0,Specialized Court,167,95.0,['Delhi'],1,"['Banking and Finance', 'Intellectual Property', 'Medical']","['Punjabi', 'Telugu', 'Kannada']",no,Shamik Keer,"['Bumb', 'Raju', 'Lad']",Small Businesses.
,Supreme Court,369,,['Mumbai'],28,"['Banking and Finance', 'Immigration', 'Constitutional']","['Punjabi', 'Kannada']",no,Dhanuk Sarin,"['Dutt', 'Bava', 'Toor']",Small Businesses.
3.0,Supreme Court,147,97.0,['Hyderabad'],15,"['Labor', 'Labor', 'Tax']","['Kannada', 'Assamese', 'Tamil']",no,Hunar Saraf,['Subramaniam-Sani'],Small Businesses.
4.0,District Court,68,77.0,['Mumbai'],8,"['Family', 'Tax', 'Media and Entertainment']","['Punjabi', 'Assamese']",yes,Shalv Dutt,"['Konda', 'Maharaj', 'Choudhary']",Small Businesses.
2.0,District Court,141,81.0,['Kolkata'],2,"['Immigration', 'Constitutional', 'Labor']","['Punjabi', 'Kannada', 'Urdu']",yes,Akarsh Gandhi,['Brar-Varkey'],Small Businesses.
3.0,High Court,130,74.0,['Bangalore'],3,"['Labor', 'Civil', 'Immigration']","['Telugu', 'Bengali', 'Urdu']",no,Hridaan Basu,['Vaidya-Sarin'],Large Corporations.
4.0,Supreme Court,202,101.0,['Hyderabad'],24,"['Real Estate', 'Civil', 'Tax']","['Kannada', 'Odia']",yes,Veer Chada,['Bhasin-Ganguly'],Small Businesses.
2.0,District Court,238,106.0,['Kolkata'],14,"['Environmental', 'Intellectual Property', 'Real Estate']","['Punjabi', 'Telugu', 'Assamese']",no,Sumer Sura,"['Kaur', 'Venkatesh', 'Sehgal']",Small Businesses.
3.0,Specialized Court,279,91.0,['Mumbai'],24,"['Media and Entertainment', 'Immigration', 'Intellectual Property']","['Hindi', 'Urdu']",yes,Kismat Gopal,['Roy-Dash'],Small Businesses.
1.0,Specialized Court,265,78.0,['Delhi'],14,"['Corporate', 'Human Rights', 'Media and Entertainment']","['Marathi', 'Tamil', 'Malayalam']",no,Ayesha Shenoy,['Hari-Cherian'],Individuals.
5.0,Supreme Court,172,114.0,['Chennai'],11,"['Medical', 'Real Estate', 'Constitutional']","['Bengali', 'Kannada', 'Marathi']",yes,Prerak Bedi,['Sankar-Setty'],Small Businesses.
,Specialized Court,63,,['Kolkata'],16,"['Civil', 'Corporate', 'Environmental']","['Telugu', 'Marathi', 'Malayalam']",no,Armaan Mani,"['Wali', 'Raja', 'Bhakta']",Large Corporations.
4.0,High Court,322,58.0,['Hyderabad'],4,"['Intellectual Property', 'Media and Entertainment', 'Medical']","['Telugu', 'Gujarati', 'Marathi']",no,Saira Madan,"['Kamdar', 'Srivastava', 'Ramakrishnan']",Small Businesses.
2.0,District Court,228,97.0,['Mumbai'],20,"['Constitutional', 'Corporate', 'Corporate']","['Assamese', 'Telugu', 'Punjabi']",no,Neysa Dada,"['Barad', 'Hari', 'Khosla']",Individuals.
4.0,District Court,184,74.0,['Chennai'],5,"['Corporate', 'Intellectual Property', 'Tax']","['Kannada', 'Malayalam']",yes,Samarth De,['Kant Inc'],Individuals.
2.0,District Court,440,105.0,['Chennai'],22,"['Immigration', 'Medical', 'Environmental']","['Punjabi', 'Telugu', 'Tamil']",no,Sahil Borde,['Ravel-Sahni'],Small Businesses.
4.0,Supreme Court,386,85.0,['Mumbai'],21,"['Tax', 'Real Estate', 'Environmental']","['Kannada', 'Urdu', 'Tamil']",yes,Urvi Rajan,['Brar-Bhagat'],Small Businesses.
3.0,Specialized Court,436,100.0,['Bangalore'],14,"['Real Estate', 'Consumer Protection', 'Criminal']","['Odia', 'Malayalam']",no,Ivana Gola,['Sridhar-Rau'],Small Businesses.
1.0,High Court,273,112.0,['Mumbai'],23,"['Medical', 'Consumer Protection', 'Media and Entertainment']","['Hindi', 'Urdu', 'Malayalam']",no,Aradhya Gill,['Sarma Inc'],Small Businesses.
3.0,Supreme Court,109,72.0,['Hyderabad'],16,"['Human Rights', 'Intellectual Property', 'Real Estate']","['Tamil', 'Urdu', 'Malayalam']",no,Hansh Sachdev,"['Madan', 'Sons']",Individuals.
1.0,District Court,363,82.0,['Delhi'],18,"['Real Estate', 'Corporate', 'Medical']","['Assamese', 'Marathi', 'Hindi']",yes,Adah Ramakrishnan,['Khalsa-Chauhan'],Small Businesses.
,High Court,143,,['Hyderabad'],7,"['Real Estate', 'Medical', 'Real Estate']","['Bengali', 'Hindi']",yes,Yasmin Comar,['Deol-Sibal'],Individuals.
3.0,District Court,249,114.0,['Chennai'],10,"['Tax', 'Real Estate', 'Criminal']","['Assamese', 'Telugu', 'Malayalam']",yes,Shayak Dasgupta,"['Comar', 'Wable', 'Devan']",Individuals.
2.0,District Court,79,81.0,['Delhi'],7,"['Constitutional', 'Medical', 'Labor']","['Assamese', 'Telugu', 'Marathi']",no,Kiara Karpe,"['Ravel', 'Bhatti', 'Ganesan']",Large Corporations.
5.0,Supreme Court,421,82.0,['Kolkata'],1,"['Intellectual Property', 'Labor', 'Corporate']","['Bengali', 'Marathi', 'Odia']",yes,Sana Iyengar,['Mann PLC'],Individuals.
4.0,District Court,107,98.0,['Chennai'],23,"['Corporate', 'Immigration', 'Immigration']","['Assamese', 'Telugu', 'Marathi']",no,Dhanush Kulkarni,['Ratti Inc'],Small Businesses.
4.0,High Court,456,82.0,['Bangalore'],21,"['Tax', 'Human Rights', 'Media and Entertainment']","['Telugu', 'Urdu', 'Tamil']",no,Tarini Bora,"['Ramesh', 'Mane', 'Ganesh']",Small Businesses.
4.0,District Court,439,93.0,['Mumbai'],19,"['Immigration', 'Civil', 'Intellectual Property']","['Bengali', 'Assamese', 'Tamil']",no,Ira Gaba,"['Vyas', 'Sami', 'Kapur']",Small Businesses.
1.0,Specialized Court,259,67.0,['Kolkata'],16,"['Intellectual Property', 'Tax', 'Constitutional']","['Punjabi', 'Marathi', 'Hindi']",no,Bhamini Basu,['Balan-Sharaf'],Small Businesses.
4.0,District Court,385,124.0,['Hyderabad'],29,"['Immigration', 'Family', 'Intellectual Property']",['Kannada'],no,Yakshit Chawla,['Kothari-Sahota'],Large Corporations.
4.0,Supreme Court,329,70.0,['Delhi'],19,"['Intellectual Property', 'Banking and Finance', 'Corporate']","['Assamese', 'Hindi', 'Urdu']",yes,Jayant Manda,['Kala-Sethi'],Large Corporations.
,High Court,411,,['Kolkata'],4,"['Constitutional', 'Banking and Finance', 'Intellectual Property']","['Punjabi', 'Kannada', 'Tamil']",no,Khushi Vaidya,"['Lad', 'Bal', 'Sathe']",Large Corporations.
3.0,Supreme Court,244,90.0,['Bangalore'],29,"['Civil', 'Immigration', 'Criminal']","['Punjabi', 'Gujarati', 'Malayalam']",no,Siya Bath,['Biswas Inc'],Large Corporations.
4.0,Specialized Court,404,119.0,['Mumbai'],28,"['Immigration', 'Labor', 'Real Estate']","['Hindi', 'Urdu']",no,Indrajit Brahmbhatt,['Sule-Gokhale'],Individuals.
5.0,District Court,258,71.0,['Kolkata'],18,"['Tax', 'Media and Entertainment', 'Intellectual Property']","['Odia', 'Tamil', 'Malayalam']",yes,Vaibhav Rastogi,['Balan-Yadav'],Large Corporations.
4.0,Supreme Court,473,120.0,['Hyderabad'],2,"['Intellectual Property', 'Environmental', 'Media and Entertainment']","['Kannada', 'Hindi', 'Tamil']",no,Anahi Babu,['Tak-Sharma'],Individuals.
1.0,Supreme Court,269,102.0,['Delhi'],1,"['Banking and Finance', 'Corporate', 'Civil']","['Telugu', 'Gujarati', 'Marathi']",no,Anay Jani,['Cherian LLC'],Small Businesses.
1.0,Supreme Court,258,97.0,['Kolkata'],15,"['Real Estate', 'Banking and Finance', 'Environmental']","['Kannada', 'Gujarati', 'Hindi']",no,Mohanlal Saxena,"['Balakrishnan', 'Golla', 'Ahuja']",Individuals.
1.0,Supreme Court,403,76.0,['Mumbai'],5,"['Consumer Protection', 'Labor', 'Human Rights']","['Punjabi', 'Assamese', 'Odia']",no,Jivin Ray,['Ben LLC'],Individuals.
4.0,Specialized Court,420,99.0,['Hyderabad'],20,"['Labor', 'Banking and Finance', 'Environmental']","['Punjabi', 'Kannada', 'Tamil']",yes,Vivaan Bhavsar,['Bora-Bora'],Large Corporations.
2.0,Specialized Court,300,80.0,['Kolkata'],11,"['Human Rights', 'Media and Entertainment', 'Tax']","['Gujarati', 'Hindi']",no,Saira De,"['Ratta', 'Sem', 'Kant']",Small Businesses.
,District Court,131,,['Delhi'],10,"['Real Estate', 'Environmental', 'Corporate']","['Bengali', 'Malayalam']",yes,Purab Sami,['Jayaraman Group'],Small Businesses.
4.0,District Court,260,76.0,['Mumbai'],2,"['Criminal', 'Medical', 'Labor']","['Bengali', 'Odia', 'Malayalam']",yes,Misha Ben,['Lall-Dar'],Large Corporations.
2.0,High Court,486,89.0,['Bangalore'],3,"['Civil', 'Intellectual Property', 'Consumer Protection']","['Kannada', 'Bengali', 'Gujarati']",yes,Adira Virk,['Loyal-Basak'],Individuals.
2.0,Specialized Court,389,82.0,['Bangalore'],23,"['Civil', 'Real Estate', 'Consumer Protection']","['Hindi', 'Urdu', 'Tamil']",yes,Ivan Bath,['Gade Inc'],Large Corporations.
4.0,Supreme Court,415,76.0,['Chennai'],23,"['Real Estate', 'Civil', 'Civil']","['Bengali', 'Marathi', 'Urdu']",no,Vardaniya Apte,['Sanghvi LLC'],Individuals.
4.0,Supreme Court,65,102.0,['Kolkata'],12,"['Human Rights', 'Media and Entertainment', 'Banking and Finance']","['Kannada', 'Marathi', 'Urdu']",no,Krish D’Alia,['Saran-Ben'],Large Corporations.
2.0,High Court,261,99.0,['Delhi'],20,"['Banking and Finance', 'Constitutional', 'Criminal']","['Kannada', 'Hindi', 'Punjabi']",no,Rati Dhillon,['Mani-Lata'],Large Corporations.
2.0,Supreme Court,341,109.0,['Kolkata'],5,"['Corporate', 'Intellectual Property', 'Family']","['Punjabi', 'Gujarati']",yes,Vritika Tiwari,"['Sami', 'Deol', 'Dey']",Small Businesses.
2.0,High Court,424,64.0,['Mumbai'],5,"['Constitutional', 'Immigration', 'Criminal']","['Kannada', 'Marathi', 'Punjabi']",yes,Vritika Luthra,"['Soman', 'Karpe', 'Loke']",Small Businesses.
4.0,District Court,72,106.0,['Chennai'],6,"['Immigration', 'Intellectual Property', 'Environmental']","['Punjabi', 'Marathi', 'Malayalam']",yes,Aarna Doctor,"['Chadha', 'Ch', 'ran', 'Bobal']",Small Businesses.
,Specialized Court,434,,['Delhi'],9,"['Media and Entertainment', 'Immigration', 'Labor']","['Telugu', 'Assamese', 'Malayalam']",no,Hrishita Sur,['Badal Ltd'],Large Corporations.
1.0,High Court,297,84.0,['Kolkata'],2,"['Tax', 'Constitutional', 'Labor']","['Bengali', 'Gujarati', 'Tamil']",no,Vritika Hayre,"['Dora', 'Sons']",Small Businesses.
4.0,Supreme Court,139,119.0,['Delhi'],21,"['Civil', 'Criminal', 'Civil']","['Bengali', 'Odia', 'Punjabi']",no,Romil Arya,"['Manne', 'Sons']",Small Businesses.
1.0,High Court,193,87.0,['Mumbai'],12,"['Real Estate', 'Media and Entertainment', 'Tax']","['Gujarati', 'Tamil']",yes,Sana Sachdev,"['Ramach', 'ran', 'Ravel', 'Bala']",Large Corporations.
3.0,District Court,177,70.0,['Chennai'],3,"['Real Estate', 'Environmental', 'Corporate']","['Gujarati', 'Odia', 'Malayalam']",yes,Elakshi Chadha,['Bhatt-Garde'],Small Businesses.
4.0,Supreme Court,289,86.0,['Delhi'],20,"['Constitutional', 'Civil', 'Human Rights']","['Telugu', 'Hindi', 'Tamil']",no,Anaya Ravel,['Chaudhary-Sarraf'],Individuals.
3.0,District Court,73,106.0,['Mumbai'],26,"['Banking and Finance', 'Medical', 'Medical']","['Kannada', 'Marathi', 'Malayalam']",yes,Nishith Bakshi,"['Ch', 'ran-Hayer']",Small Businesses.
2.0,District Court,121,78.0,['Bangalore'],22,"['Constitutional', 'Tax', 'Immigration']","['Bengali', 'Marathi', 'Tamil']",yes,Sana Din,['Desai Inc'],Individuals.
2.0,High Court,416,81.0,['Delhi'],12,"['Family', 'Tax', 'Medical']","['Punjabi', 'Gujarati', 'Urdu']",no,Shray Roy,"['Lata', 'Mangal', 'Sawhney']",Small Businesses.
5.0,District Court,110,99.0,['Chennai'],24,"['Banking and Finance', 'Media and Entertainment', 'Real Estate']","['Assamese', 'Gujarati']",yes,Shray Sampath,"['Varkey', 'Maharaj', 'Sem']",Large Corporations.
,Supreme Court,155,,['Hyderabad'],17,"['Family', 'Environmental', 'Media and Entertainment']","['Hindi', 'Odia']",yes,Samiha Wali,['Vyas-Mammen'],Large Corporations.
3.0,District Court,254,99.0,['Hyderabad'],10,"['Corporate', 'Family', 'Civil']","['Telugu', 'Gujarati', 'Malayalam']",no,Hunar Balasubramanian,"['Wagle', 'Mahal', 'Yogi']",Small Businesses.
2.0,District Court,283,94.0,['Delhi'],24,"['Medical', 'Medical', 'Banking and Finance']","['Telugu', 'Hindi', 'Urdu']",yes,Eshani Agate,['Kulkarni-Rau'],Individuals.
4.0,High Court,394,98.0,['Delhi'],27,"['Consumer Protection', 'Banking and Finance', 'Labor']","['Assamese', 'Bengali', 'Kannada']",yes,Anaya Agate,['Chaudhuri Ltd'],Small Businesses.
2.0,District Court,251,84.0,['Mumbai'],14,"['Consumer Protection', 'Labor', 'Consumer Protection']","['Assamese', 'Hindi']",yes,Diya Verma,['Gola-Rama'],Large Corporations.
5.0,Specialized Court,405,94.0,['Kolkata'],23,"['Corporate', 'Criminal', 'Family']","['Kannada', 'Urdu']",yes,Rhea Mandal,['Maharaj-Apte'],Small Businesses.
2.0,High Court,328,77.0,['Hyderabad'],17,"['Criminal', 'Environmental', 'Human Rights']","['Punjabi', 'Gujarati']",no,Adah Sami,"['Krishnan', 'Kohli', 'Mahajan']",Large Corporations.
3.0,High Court,101,110.0,['Kolkata'],18,"['Medical', 'Media and Entertainment', 'Constitutional']","['Bengali', 'Hindi', 'Punjabi']",no,Aayush Bala,['Kashyap-Gulati'],Individuals.
3.0,Supreme Court,120,81.0,['Hyderabad'],19,"['Banking and Finance', 'Tax', 'Media and Entertainment']","['Assamese', 'Gujarati', 'Odia']",yes,Tara Suri,"['Goel', 'Sons']",Individuals.
2.0,Supreme Court,247,107.0,['Delhi'],17,"['Corporate', 'Intellectual Property', 'Medical']","['Telugu', 'Odia', 'Malayalam']",no,Tejas Gaba,"['Chaudhari-G', 'hi']",Large Corporations.
,Supreme Court,229,,['Chennai'],14,"['Intellectual Property', 'Labor', 'Labor']","['Telugu', 'Odia']",no,Mannat Chakrabarti,['Varghese Group'],Individuals.
3.0,Supreme Court,385,94.0,['Chennai'],9,"['Constitutional', 'Criminal', 'Tax']","['Kannada', 'Bengali', 'Punjabi']",no,Rati Krishnan,"['Srinivas', 'Tara', 'Gour']",Large Corporations.
5.0,Specialized Court,311,83.0,['Hyderabad'],8,"['Human Rights', 'Real Estate', 'Banking and Finance']","['Bengali', 'Gujarati', 'Tamil']",yes,Umang Singh,['Apte-Sanghvi'],Large Corporations.
4.0,High Court,225,75.0,['Hyderabad'],2,"['Consumer Protection', 'Media and Entertainment', 'Tax']","['Gujarati', 'Malayalam']",yes,Rhea Lal,['Sengupta PLC'],Large Corporations.
5.0,District Court,127,64.0,['Mumbai'],13,"['Banking and Finance', 'Real Estate', 'Labor']","['Telugu', 'Hindi']",no,Aarush Issac,"['Shan-T', 'on']",Small Businesses.
1.0,Supreme Court,152,75.0,['Delhi'],25,"['Tax', 'Medical', 'Banking and Finance']","['Bengali', 'Hindi']",no,Lakshit Dhaliwal,"['B', 'i LLC']",Individuals.
5.0,Supreme Court,309,86.0,['Delhi'],7,"['Intellectual Property', 'Labor', 'Tax']","['Telugu', 'Hindi', 'Punjabi']",no,Inaaya  Wagle,['Devan-Jha'],Small Businesses.
2.0,Supreme Court,241,94.0,['Kolkata'],9,"['Immigration', 'Environmental', 'Banking and Finance']","['Telugu', 'Gujarati', 'Malayalam']",no,Misha Batta,"['Sem', 'Loyal', 'Doctor']",Small Businesses.
4.0,District Court,282,106.0,['Mumbai'],22,"['Medical', 'Immigration', 'Civil']","['Bengali', 'Urdu']",yes,Aaina Kanda,['Anne-Srinivasan'],Individuals.
2.0,Supreme Court,127,84.0,['Bangalore'],22,"['Real Estate', 'Immigration', 'Medical']","['Kannada', 'Telugu', 'Tamil']",no,Sahil Sawhney,['Manne-Vasa'],Small Businesses.
,District Court,348,,['Chennai'],11,"['Media and Entertainment', 'Intellectual Property', 'Labor']","['Bengali', 'Hindi', 'Tamil']",yes,Shamik Chaudhuri,['Dave Ltd'],Large Corporations.
4.0,High Court,434,69.0,['Chennai'],14,"['Corporate', 'Criminal', 'Labor']","['Gujarati', 'Odia', 'Malayalam']",yes,Advik Chaudhari,['Dora LLC'],Small Businesses.
3.0,High Court,166,98.0,['Delhi'],4,"['Media and Entertainment', 'Criminal', 'Banking and Finance']","['Assamese', 'Gujarati', 'Punjabi']",yes,Faiyaz Tripathi,['Aggarwal-Kala'],Large Corporations.
5.0,High Court,271,111.0,['Mumbai'],26,"['Human Rights', 'Medical', 'Corporate']","['Kannada', 'Bengali', 'Tamil']",yes,Aradhya Iyengar,"['Chada', 'Din', 'Brahmbhatt']",Individuals.
2.0,Specialized Court,489,109.0,['Bangalore'],26,"['Real Estate', 'Labor', 'Real Estate']","['Kannada', 'Hindi', 'Odia']",yes,Aarush Kunda,"['Devan', 'Sunder', 'Sathe']",Small Businesses.
1.0,District Court,200,101.0,['Chennai'],29,"['Banking and Finance', 'Corporate', 'Media and Entertainment']","['Assamese', 'Kannada', 'Gujarati']",yes,Alia Rao,"['T', 'on Group']",Individuals.
3.0,Supreme Court,318,100.0,['Mumbai'],13,"['Civil', 'Real Estate', 'Family']","['Punjabi', 'Marathi', 'Odia']",yes,Baiju Choudhury,['Edwin LLC'],Large Corporations.
5.0,Supreme Court,91,116.0,['Bangalore'],2,"['Criminal', 'Criminal', 'Tax']","['Bengali', 'Odia', 'Malayalam']",no,Vritika Chadha,"['Sengupta', 'Saraf', 'Issac']",Small Businesses.
3.0,Supreme Court,323,95.0,['Hyderabad'],23,"['Civil', 'Labor', 'Corporate']","['Gujarati', 'Hindi']",yes,Lavanya Sastry,['Sharaf Ltd'],Large Corporations.
5.0,Supreme Court,90,100.0,['Delhi'],5,"['Criminal', 'Medical', 'Environmental']","['Assamese', 'Urdu', 'Malayalam']",no,Taimur Krish,"['Bakshi', 'Dewan', 'Kamdar']",Large Corporations.
,Specialized Court,482,,['Kolkata'],11,"['Family', 'Constitutional', 'Environmental']","['Gujarati', 'Hindi']",no,Jayesh Goyal,['Dutt-Kumar'],Large Corporations.
3.0,Supreme Court,372,70.0,['Chennai'],6,"['Medical', 'Family', 'Immigration']","['Telugu', 'Marathi', 'Punjabi']",no,Kashvi Goel,['Basak PLC'],Individuals.
3.0,Specialized Court,405,80.0,['Chennai'],18,"['Real Estate', 'Constitutional', 'Immigration']","['Bengali', 'Telugu', 'Urdu']",no,Drishya Dugar,['Gupta-Bajwa'],Individuals.
3.0,District Court,367,90.0,['Bangalore'],21,"['Criminal', 'Medical', 'Intellectual Property']","['Assamese', 'Odia', 'Malayalam']",no,Zoya Chacko,"['T', 'on', 'Loke', 'Sridhar']",Individuals.
4.0,High Court,315,91.0,['Kolkata'],10,"['Environmental', 'Media and Entertainment', 'Human Rights']","['Punjabi', 'Tamil', 'Urdu']",yes,Hunar Acharya,['Kale-Mangat'],Small Businesses.
1.0,Supreme Court,252,119.0,['Hyderabad'],4,"['Consumer Protection', 'Civil', 'Civil']","['Bengali', 'Telugu', 'Hindi']",yes,Reyansh Dutt,['Biswas Ltd'],Large Corporations.
5.0,High Court,436,92.0,['Mumbai'],9,"['Environmental', 'Environmental', 'Civil']","['Telugu', 'Gujarati', 'Tamil']",no,Trisha Tella,"['Ahuja', 'Chaudhari', 'Singhal']",Individuals.
3.0,District Court,481,108.0,['Delhi'],6,"['Medical', 'Intellectual Property', 'Criminal']","['Marathi', 'Tamil']",no,Vedika Mangal,['Madan Group'],Large Corporations.
4.0,District Court,275,84.0,['Mumbai'],2,"['Environmental', 'Criminal', 'Media and Entertainment']","['Bengali', 'Kannada', 'Marathi']",no,Lagan Bir,['Sawhney Group'],Individuals.
1.0,Supreme Court,469,86.0,['Bangalore'],17,"['Labor', 'Medical', 'Banking and Finance']","['Telugu', 'Bengali', 'Malayalam']",yes,Heer Agarwal,['Bhardwaj Group'],Large Corporations.
,District Court,312,,['Chennai'],5,"['Consumer Protection', 'Civil', 'Media and Entertainment']","['Tamil', 'Marathi', 'Urdu']",no,Oorja Sharaf,['Tiwari-Suresh'],Individuals.
4.0,High Court,292,79.0,['Hyderabad'],25,"['Intellectual Property', 'Tax', 'Family']","['Punjabi', 'Assamese', 'Malayalam']",yes,Uthkarsh Chakrabarti,['Venkataraman PLC'],Individuals.
5.0,Supreme Court,255,98.0,['Chennai'],6,"['Human Rights', 'Civil', 'Consumer Protection']","['Telugu', 'Hindi', 'Odia']",yes,Arnav Andra,['Sant-Deep'],Individuals.
3.0,Specialized Court,144,91.0,['Mumbai'],26,"['Criminal', 'Human Rights', 'Labor']","['Kannada', 'Gujarati', 'Malayalam']",no,Pranay Chander,['Buch LLC'],Individuals.
1.0,Supreme Court,52,105.0,['Hyderabad'],12,"['Criminal', 'Banking and Finance', 'Tax']","['Punjabi', 'Bengali', 'Malayalam']",yes,Biju Sankaran,"['Shenoy', 'Kalita', 'Srivastava']",Large Corporations.
4.0,High Court,159,93.0,['Delhi'],23,"['Intellectual Property', 'Labor', 'Family']","['Hindi', 'Urdu', 'Malayalam']",yes,Damini Bhargava,"['Srinivasan', 'Setty', 'Kale']",Individuals.
1.0,Supreme Court,279,85.0,['Bangalore'],21,"['Real Estate', 'Criminal', 'Intellectual Property']","['Punjabi', 'Gujarati', 'Odia']",yes,Khushi Bassi,['Srinivas'],Individuals.
3.0,Supreme Court,221,123.0,['Delhi'],10,"['Real Estate', 'Family', 'Environmental']","['Kannada', 'Marathi', 'Hindi']",no,Nakul Yogi,['Sabharwal-Uppal'],Individuals.
1.0,High Court,252,89.0,['Bangalore'],22,"['Media and Entertainment', 'Environmental', 'Environmental']","['Assamese', 'Bengali', 'Urdu']",no,Romil Goyal,"['Baral-Deshp', 'e']",Large Corporations.
1.0,Supreme Court,491,108.0,['Delhi'],21,"['Medical', 'Labor', 'Media and Entertainment']","['Telugu', 'Gujarati', 'Marathi']",no,Parinaaz Doctor,"['Bhatia', 'Karan', 'Salvi']",Individuals.
,Supreme Court,208,,['Mumbai'],27,"['Environmental', 'Human Rights', 'Criminal']","['Gujarati', 'Odia', 'Urdu']",no,Tejas Madan,['Dani Inc'],Large Corporations.
1.0,High Court,253,101.0,['Kolkata'],25,"['Medical', 'Labor', 'Corporate']","['Kannada', 'Odia']",no,Baiju Din,['Deshmukh Ltd'],Small Businesses.
5.0,District Court,110,104.0,['Hyderabad'],6,"['Intellectual Property', 'Human Rights', 'Family']","['Assamese', 'Kannada', 'Tamil']",no,Veer Barad,['Sethi-Shukla'],Large Corporations.
4.0,High Court,72,94.0,['Bangalore'],27,"['Medical', 'Intellectual Property', 'Corporate']","['Bengali', 'Tamil', 'Malayalam']",no,Vihaan Apte,"['Gopal', 'Subramanian', 'Lata']",Small Businesses.
2.0,Supreme Court,399,55.0,['Mumbai'],8,"['Banking and Finance', 'Intellectual Property', 'Immigration']","['Kannada', 'Assamese', 'Marathi']",no,Abram Buch,"['Jayaraman', 'Sen', 'Bala']",Individuals.
4.0,Specialized Court,307,91.0,['Chennai'],2,"['Consumer Protection', 'Real Estate', 'Environmental']","['Bengali', 'Hindi', 'Odia']",yes,Anya Chhabra,"['Chad', 'Chakrabarti', 'Bawa']",Individuals.
4.0,Specialized Court,392,109.0,['Chennai'],12,"['Environmental', 'Real Estate', 'Tax']","['Kannada', 'Hindi', 'Odia']",no,Madhav Chakrabarti,"['Ratta', 'Thaker', 'Sanghvi']",Large Corporations.
3.0,High Court,117,98.0,['Delhi'],13,"['Civil', 'Immigration', 'Media and Entertainment']","['Punjabi', 'Odia', 'Malayalam']",yes,Ela Sunder,"['M', 'al', 'Wable', 'Choudhury']",Individuals.
3.0,Specialized Court,307,97.0,['Chennai'],25,"['Labor', 'Corporate', 'Intellectual Property']","['Kannada', 'Hindi', 'Urdu']",yes,Adah Khanna,['Bala LLC'],Individuals.
2.0,Supreme Court,164,65.0,['Kolkata'],21,"['Tax', 'Criminal', 'Labor']","['Kannada', 'Punjabi', 'Malayalam']",no,Kabir Dutt,"['Kashyap', 'Bhavsar', 'Sarraf']",Large Corporations.
,Supreme Court,153,,['Bangalore'],7,"['Media and Entertainment', 'Medical', 'Consumer Protection']","['Odia', 'Tamil', 'Malayalam']",yes,Samiha Saha,"['Dubey', 'Sons']",Individuals.
3.0,High Court,55,97.0,['Delhi'],10,"['Immigration', 'Criminal', 'Environmental']","['Hindi', 'Tamil', 'Malayalam']",yes,Romil Rau,['Dora Group'],Small Businesses.
3.0,Supreme Court,109,97.0,['Bangalore'],13,"['Labor', 'Consumer Protection', 'Medical']","['Telugu', 'Marathi', 'Hindi']",no,Mahika Ravi,"['Sharma', 'Bh', 'ari', 'Taneja']",Small Businesses.
4.0,District Court,189,109.0,['Bangalore'],17,"['Real Estate', 'Media and Entertainment', 'Medical']","['Bengali', 'Hindi', 'Tamil']",yes,Jiya Brar,"['Tella', 'Tank', 'Mannan']",Individuals.
2.0,Supreme Court,103,88.0,['Mumbai'],26,"['Human Rights', 'Medical', 'Media and Entertainment']","['Gujarati', 'Marathi', 'Malayalam']",no,Yuvraj  Konda,['Sen Ltd'],Individuals.
4.0,High Court,494,97.0,['Chennai'],21,"['Tax', 'Human Rights', 'Tax']","['Bengali', 'Marathi', 'Hindi']",yes,Jhanvi Sharma,"['Divan', 'Sons']",Small Businesses.
5.0,District Court,189,91.0,['Hyderabad'],28,"['Family', 'Civil', 'Consumer Protection']","['Punjabi', 'Assamese', 'Odia']",yes,Rasha Chander,['Rao Inc'],Individuals.
4.0,District Court,109,76.0,['Bangalore'],26,"['Corporate', 'Media and Entertainment', 'Consumer Protection']","['Punjabi', 'Gujarati', 'Hindi']",no,Aarav Dhingra,['Kala-Goda'],Small Businesses.
5.0,Specialized Court,140,57.0,['Kolkata'],14,"['Human Rights', 'Criminal', 'Human Rights']","['Marathi', 'Tamil']",yes,Anika Bala,['Dugar-Mall'],Large Corporations.
1.0,Supreme Court,314,97.0,['Kolkata'],2,"['Environmental', 'Criminal', 'Real Estate']","['Telugu', 'Assamese', 'Urdu']",yes,Elakshi Dhingra,['Amble PLC'],Small Businesses.
,High Court,79,,['Hyderabad'],28,"['Criminal', 'Corporate', 'Civil']","['Gujarati', 'Marathi', 'Urdu']",no,Yashvi Chanda,"['Ramach', 'ran LLC']",Individuals.
5.0,Specialized Court,438,81.0,['Chennai'],22,"['Banking and Finance', 'Tax', 'Intellectual Property']","['Punjabi', 'Marathi', 'Hindi']",no,Shamik Chad,"['Tank', 'Bobal', 'Badami']",Individuals.
5.0,Specialized Court,483,66.0,['Chennai'],11,"['Banking and Finance', 'Medical', 'Family']","['Gujarati', 'Tamil']",yes,Tejas Chander,['Venkatesh-Kar'],Small Businesses.
4.0,Supreme Court,161,100.0,['Delhi'],1,"['Intellectual Property', 'Real Estate', 'Tax']","['Marathi', 'Gujarati', 'Tamil']",yes,Samarth Tella,['Raju LLC'],Small Businesses.
5.0,Supreme Court,253,87.0,['Delhi'],19,"['Human Rights', 'Media and Entertainment', 'Environmental']","['Bengali', 'Odia']",no,Rania Buch,['Koshy-Balakrishnan'],Individuals.
2.0,High Court,60,99.0,['Delhi'],21,"['Intellectual Property', 'Media and Entertainment', 'Environmental']","['Punjabi', 'Kannada']",yes,Kashvi Butala,[],Individuals.
1.0,Specialized Court,338,118.0,['Chennai'],4,"['Criminal', 'Media and Entertainment', 'Environmental']","['Bengali', 'Odia']",no,Raunak Dugal,['Kota-Brahmbhatt'],Individuals.
1.0,High Court,236,58.0,['Bangalore'],19,"['Environmental', 'Real Estate', 'Medical']","['Assamese', 'Telugu', 'Odia']",no,Navya Khanna,['Sanghvi-Sami'],Large Corporations.
5.0,Specialized Court,172,80.0,['Mumbai'],26,"['Human Rights', 'Family', 'Medical']","['Telugu', 'Tamil', 'Urdu']",no,Yashvi Bath,"['K', 'a-Ravel']",Large Corporations.
3.0,Specialized Court,143,87.0,['Hyderabad'],29,"['Corporate', 'Criminal', 'Constitutional']","['Bengali', 'Hindi', 'Odia']",yes,Rohan Kapadia,"['Dube', 'Sons']",Small Businesses.
,Specialized Court,344,,['Hyderabad'],21,"['Immigration', 'Corporate', 'Civil']","['Kannada', 'Odia', 'Punjabi']",yes,Alisha Walla,['Sood LLC'],Small Businesses.
5.0,Supreme Court,237,66.0,['Hyderabad'],11,"['Corporate', 'Environmental', 'Medical']","['Kannada', 'Urdu']",yes,Zara Vig,['Guha-Brahmbhatt'],Large Corporations.
2.0,Specialized Court,131,120.0,['Delhi'],8,"['Tax', 'Real Estate', 'Medical']","['Kannada', 'Marathi', 'Hindi']",no,Hazel Dhawan,['Char-Gara'],Large Corporations.
3.0,Specialized Court,360,93.0,['Mumbai'],11,"['Corporate', 'Corporate', 'Civil']","['Assamese', 'Marathi', 'Malayalam']",yes,Romil Magar,"['Sankar', 'Buch', 'Lad']",Small Businesses.
5.0,Specialized Court,304,89.0,['Kolkata'],4,"['Banking and Finance', 'Constitutional', 'Banking and Finance']","['Kannada', 'Marathi', 'Hindi']",no,Jayant Manne,['Kohli PLC'],Large Corporations.
2.0,District Court,436,88.0,['Chennai'],17,"['Tax', 'Banking and Finance', 'Medical']","['Bengali', 'Hindi']",yes,Neelofar Lad,"['Singhal', 'Keer', 'Bajaj']",Small Businesses.
2.0,Supreme Court,103,84.0,['Kolkata'],27,"['Corporate', 'Tax', 'Constitutional']","['Assamese', 'Marathi', 'Malayalam']",no,Romil Chaudhary,"['Grewal', 'Gade', 'Sankaran']",Individuals.
4.0,District Court,404,106.0,['Delhi'],7,"['Immigration', 'Criminal', 'Consumer Protection']","['Bengali', 'Marathi']",no,Onkar Bajaj,"['Sha', 'Yogi', 'Bahri']",Small Businesses.
2.0,Supreme Court,353,74.0,['Bangalore'],8,"['Human Rights', 'Banking and Finance', 'Consumer Protection']","['Gujarati', 'Marathi', 'Urdu']",yes,Heer Mahajan,"['Dhawan-Ch', 'er']",Large Corporations.
3.0,High Court,102,96.0,['Delhi'],3,"['Media and Entertainment', 'Family', 'Human Rights']","['Kannada', 'Telugu', 'Tamil']",no,Kismat Zachariah,['Kadakia-Bhatnagar'],Large Corporations.
,District Court,363,,['Mumbai'],22,"['Immigration', 'Human Rights', 'Banking and Finance']","['Bengali', 'Hindi']",no,Raunak Bala,['Apte LLC'],Large Corporations.
5.0,High Court,249,79.0,['Delhi'],2,"['Real Estate', 'Civil', 'Environmental']","['Punjabi', 'Kannada', 'Gujarati']",yes,Taran Dutt,"['Ch', 'a', 'Divan', 'Sharaf']",Small Businesses.
5.0,Specialized Court,475,129.0,['Hyderabad'],23,"['Criminal', 'Real Estate', 'Criminal']","['Telugu', 'Bengali', 'Gujarati']",yes,Vedika Saini,['Divan-Kala'],Large Corporations.
2.0,High Court,114,97.0,['Bangalore'],15,"['Immigration', 'Constitutional', 'Medical']","['Punjabi', 'Kannada', 'Malayalam']",yes,Manjari Thaman,['Kaur Ltd'],Small Businesses.
1.0,High Court,339,100.0,['Bangalore'],24,"['Tax', 'Environmental', 'Human Rights']","['Gujarati', 'Hindi', 'Urdu']",yes,Uthkarsh Bhatia,"['Khalsa', 'Chaudhari', 'Sundaram']",Individuals.
4.0,High Court,222,108.0,['Chennai'],22,"['Media and Entertainment', 'Human Rights', 'Criminal']","['Telugu', 'Marathi', 'Odia']",no,Jayant Bumb,"['Seshadri', 'Mammen', 'Saran']",Individuals.
1.0,High Court,481,69.0,['Chennai'],22,"['Immigration', 'Corporate', 'Constitutional']","['Punjabi', 'Assamese', 'Urdu']",yes,Advik Manda,"['Ahuja-S', 'hu']",Large Corporations.
2.0,Supreme Court,198,117.0,['Hyderabad'],5,"['Real Estate', 'Intellectual Property', 'Real Estate']","['Assamese', 'Kannada', 'Urdu']",no,Dhruv Koshy,"['Ramach', 'ran', 'Iyer', 'Dewan']",Small Businesses.
2.0,District Court,483,53.0,['Bangalore'],24,"['Intellectual Property', 'Labor', 'Immigration']","['Assamese', 'Odia', 'Punjabi']",yes,Stuvan Raju,['Barman Ltd'],Small Businesses.
1.0,Supreme Court,456,79.0,['Hyderabad'],1,"['Tax', 'Criminal', 'Constitutional']","['Gujarati', 'Tamil', 'Malayalam']",no,Jayesh Raj,['Shankar-Datta'],Large Corporations.
,Supreme Court,172,,['Bangalore'],26,"['Real Estate', 'Criminal', 'Immigration']","['Assamese', 'Bengali', 'Kannada']",no,Umang Char,"['Bajaj', 'Sons']",Small Businesses.
1.0,Supreme Court,412,99.0,['Mumbai'],4,"['Banking and Finance', 'Constitutional', 'Tax']","['Kannada', 'Bengali', 'Malayalam']",yes,Aaina Upadhyay,['Thakkar Group'],Large Corporations.
5.0,High Court,498,94.0,['Delhi'],15,"['Civil', 'Corporate', 'Media and Entertainment']","['Bengali', 'Assamese', 'Hindi']",no,Amira Srinivasan,['Subramanian Ltd'],Large Corporations.
3.0,Supreme Court,164,88.0,['Chennai'],20,"['Civil', 'Immigration', 'Real Estate']","['Telugu', 'Tamil']",yes,Mehul Kant,"['Edwin', 'Devan', 'Goda']",Individuals.
5.0,District Court,247,90.0,['Mumbai'],19,"['Family', 'Criminal', 'Consumer Protection']","['Bengali', 'Gujarati', 'Urdu']",yes,Aayush Singh,"['Raju', 'Walla', 'Vaidya']",Large Corporations.
3.0,Supreme Court,284,76.0,['Delhi'],3,"['Corporate', 'Immigration', 'Intellectual Property']","['Hindi', 'Urdu']",yes,Divij Sethi,['Suri-Mangal'],Small Businesses.
2.0,Specialized Court,183,68.0,['Chennai'],20,"['Criminal', 'Environmental', 'Human Rights']","['Telugu', 'Malayalam']",no,Drishya Chanda,['Warrior-Sarraf'],Large Corporations.
4.0,High Court,57,101.0,['Hyderabad'],11,"['Constitutional', 'Media and Entertainment', 'Medical']","['Bengali', 'Gujarati']",no,Jayant Raman,['Kunda PLC'],Individuals.
1.0,Specialized Court,149,101.0,['Mumbai'],17,"['Labor', 'Intellectual Property', 'Consumer Protection']","['Punjabi', 'Hindi', 'Odia']",no,Siya Golla,['Bajwa-Salvi'],Individuals.
4.0,District Court,177,114.0,['Kolkata'],27,"['Real Estate', 'Constitutional', 'Immigration']","['Bengali', 'Telugu', 'Malayalam']",no,Hansh Kala,['Thaker-Swaminathan'],Small Businesses.
,District Court,250,,['Kolkata'],13,"['Intellectual Property', 'Human Rights', 'Banking and Finance']","['Bengali', 'Assamese', 'Punjabi']",no,Farhan Boase,['Tata-Chacko'],Large Corporations.
5.0,District Court,127,101.0,['Chennai'],11,"['Labor', 'Media and Entertainment', 'Civil']","['Bengali', 'Gujarati', 'Hindi']",yes,Jiya Shetty,"['M', 'er Ltd']",Small Businesses.
5.0,District Court,443,86.0,['Mumbai'],2,"['Intellectual Property', 'Media and Entertainment', 'Media and Entertainment']","['Telugu', 'Marathi', 'Punjabi']",no,Saanvi Mani,"['Hans', 'Dara', 'Sarna']",Small Businesses.
1.0,Supreme Court,367,108.0,['Delhi'],9,"['Banking and Finance', 'Banking and Finance', 'Banking and Finance']","['Assamese', 'Telugu', 'Punjabi']",no,Dhanush Bakshi,"['Ranganathan', 'Dora', 'Koshy']",Large Corporations.
4.0,High Court,88,106.0,['Delhi'],26,"['Consumer Protection', 'Corporate', 'Tax']","['Telugu', 'Bengali', 'Gujarati']",yes,Zara Varughese,['Agate Inc'],Individuals.
1.0,District Court,343,94.0,['Mumbai'],2,"['Consumer Protection', 'Corporate', 'Civil']","['Telugu', 'Assamese', 'Hindi']",no,Elakshi Kadakia,['Sehgal-Viswanathan'],Small Businesses.
2.0,Specialized Court,344,85.0,['Kolkata'],21,"['Consumer Protection', 'Consumer Protection', 'Human Rights']","['Punjabi', 'Gujarati']",yes,Abram Sabharwal,['Barad-Mann'],Small Businesses.
5.0,District Court,480,105.0,['Mumbai'],9,"['Labor', 'Media and Entertainment', 'Real Estate']","['Marathi', 'Tamil']",no,Prerak Devi,"['Cherian', 'Gokhale', 'Kamdar']",Individuals.
2.0,High Court,51,100.0,['Kolkata'],9,"['Medical', 'Environmental', 'Consumer Protection']","['Telugu', 'Hindi', 'Odia']",no,Tejas Ganesan,"['Varkey', 'Sons']",Large Corporations.
5.0,Specialized Court,162,80.0,['Kolkata'],8,"['Real Estate', 'Environmental', 'Human Rights']","['Bengali', 'Urdu', 'Malayalam']",no,Samaira Sampath,['Bakshi Group'],Large Corporations.
,Specialized Court,468,,['Hyderabad'],17,"['Constitutional', 'Tax', 'Immigration']","['Malayalam', 'Gujarati', 'Hindi']",yes,Mannat Chaudhary,"['Kaur', 'Kibe', 'Wable']",Large Corporations.
3.0,Specialized Court,469,86.0,['Hyderabad'],1,"['Labor', 'Labor', 'Human Rights']","['Urdu', 'Odia', 'Tamil']",yes,Kiara Sharaf,['Mahal-Sinha'],Individuals.
2.0,Supreme Court,374,113.0,['Delhi'],25,"['Real Estate', 'Real Estate', 'Corporate']","['Kannada', 'Marathi', 'Urdu']",no,Vivaan Barad,['Varkey Inc'],Small Businesses.
2.0,District Court,395,108.0,['Chennai'],29,"['Immigration', 'Medical', 'Medical']","['Assamese', 'Bengali', 'Punjabi']",no,Kaira Singhal,['Golla PLC'],Individuals.
3.0,Supreme Court,91,74.0,['Bangalore'],11,"['Banking and Finance', 'Real Estate', 'Real Estate']","['Telugu', 'Hindi', 'Urdu']",no,Ryan Doctor,['Koshy-Soman'],Small Businesses.
4.0,Specialized Court,281,73.0,['Mumbai'],8,"['Constitutional', 'Consumer Protection', 'Medical']","['Assamese', 'Telugu', 'Tamil']",no,Ehsaan Gupta,['De Group'],Small Businesses.
2.0,Supreme Court,154,110.0,['Kolkata'],10,"['Consumer Protection', 'Civil', 'Banking and Finance']","['Kannada', 'Assamese', 'Marathi']",no,Tushar Thakkar,['Balay-Sangha'],Large Corporations.
1.0,Supreme Court,132,73.0,['Mumbai'],25,"['Tax', 'Family', 'Real Estate']","['Assamese', 'Bengali', 'Kannada']",no,Bhavin Samra,"['Rama', 'Arora', 'Das']",Large Corporations.
3.0,Supreme Court,415,98.0,['Chennai'],7,"['Banking and Finance', 'Constitutional', 'Corporate']","['Bengali', 'Urdu', 'Tamil']",no,Urvi Bal,['Char-Garde'],Large Corporations.
2.0,District Court,111,81.0,['Chennai'],3,"['Intellectual Property', 'Intellectual Property', 'Human Rights']","['Assamese', 'Hindi']",no,Zaina Deo,"['Jhaveri', 'Bora', 'Dubey']",Individuals.
,Specialized Court,261,,['Bangalore'],3,"['Consumer Protection', 'Corporate', 'Tax']","['Telugu', 'Gujarati', 'Urdu']",no,Adah Chaudhuri,['Gopal-Barman'],Large Corporations.
2.0,Specialized Court,472,79.0,['Bangalore'],18,"['Civil', 'Labor', 'Immigration']","['Hindi', 'Tamil', 'Malayalam']",yes,Riaan Shankar,['Kalita PLC'],Individuals.
5.0,District Court,134,108.0,['Kolkata'],5,"['Corporate', 'Immigration', 'Media and Entertainment']","['Bengali', 'Marathi', 'Punjabi']",yes,Rasha Kunda,['Banik-Contractor'],Large Corporations.
1.0,Supreme Court,490,93.0,['Hyderabad'],12,"['Civil', 'Constitutional', 'Immigration']","['Bengali', 'Hindi', 'Punjabi']",yes,Aaryahi Magar,['Suresh PLC'],Large Corporations.
3.0,Supreme Court,497,94.0,['Bangalore'],12,"['Consumer Protection', 'Civil', 'Environmental']","['Punjabi', 'Hindi', 'Tamil']",no,Mahika Mandal,['Johal Inc'],Large Corporations.
5.0,High Court,300,61.0,['Hyderabad'],19,"['Banking and Finance', 'Banking and Finance', 'Civil']","['Bengali', 'Telugu', 'Odia']",yes,Lakshit Sawhney,"['Rau', 'Tata', 'Soman']",Individuals.
4.0,High Court,127,57.0,['Hyderabad'],6,"['Constitutional', 'Constitutional', 'Real Estate']","['Assamese', 'Odia', 'Tamil']",yes,Ishita Joshi,"['Sheth', 'Dey', 'Bhardwaj']",Small Businesses.
5.0,High Court,192,87.0,['Kolkata'],2,"['Tax', 'Civil', 'Human Rights']","['Punjabi', 'Hindi', 'Tamil']",no,Suhana Baria,['Krishna LLC'],Individuals.
5.0,District Court,241,94.0,['Delhi'],12,"['Media and Entertainment', 'Corporate', 'Real Estate']","['Odia', 'Urdu', 'Malayalam']",yes,Nishith Borra,"['Ramakrishnan', 'Sons']",Individuals.
4.0,Specialized Court,189,74.0,['Hyderabad'],19,"['Media and Entertainment', 'Family', 'Labor']","['Kannada', 'Malayalam']",yes,Arhaan Venkataraman,"['Jayaraman', 'Shanker', 'Sharma']",Individuals.
,High Court,176,,['Kolkata'],5,"['Intellectual Property', 'Media and Entertainment', 'Intellectual Property']","['Bengali', 'Marathi', 'Malayalam']",yes,Shanaya Suri,['Garde PLC'],Small Businesses.
3.0,Specialized Court,488,99.0,['Bangalore'],12,"['Medical', 'Civil', 'Medical']","['Punjabi', 'Hindi', 'Urdu']",yes,Advik Desai,"['Bhatti', 'Kaur', 'Mallick']",Individuals.
2.0,Specialized Court,119,99.0,['Mumbai'],27,"['Tax', 'Corporate', 'Real Estate']","['Kannada', 'Hindi']",yes,Saksham Roy,"['Kata', 'Sons']",Large Corporations.
5.0,Specialized Court,380,88.0,['Bangalore'],27,"['Labor', 'Corporate', 'Family']","['Punjabi', 'Marathi']",no,Ela Rege,"['Sampath', 'Gill', 'Shroff']",Small Businesses.
3.0,District Court,50,102.0,['Chennai'],17,"['Human Rights', 'Family', 'Intellectual Property']","['Telugu', 'Bengali', 'Tamil']",no,Tarini Grover,"['Johal', 'Sahni', 'Raman']",Individuals.
2.0,District Court,318,73.0,['Bangalore'],29,"['Intellectual Property', 'Real Estate', 'Media and Entertainment']","['Assamese', 'Hindi', 'Punjabi']",no,Dhruv Shetty,[],Individuals.
2.0,District Court,462,85.0,['Delhi'],17,"['Consumer Protection', 'Media and Entertainment', 'Media and Entertainment']","['Bengali', 'Telugu', 'Hindi']",yes,Onkar Garg,['Sem Inc'],Small Businesses.
5.0,District Court,180,115.0,['Kolkata'],10,"['Labor', 'Constitutional', 'Family']","['Telugu', 'Gujarati']",yes,Inaaya  Sunder,['Borah Ltd'],Individuals.
3.0,High Court,133,92.0,['Hyderabad'],25,"['Human Rights', 'Consumer Protection', 'Immigration']","['Punjabi', 'Telugu', 'Gujarati']",yes,Anya Kapadia,['Kota-Banik'],Small Businesses.
5.0,Supreme Court,343,92.0,['Chennai'],23,"['Real Estate', 'Criminal', 'Intellectual Property']","['Hindi', 'Urdu', 'Malayalam']",no,Stuvan Mani,['Keer PLC'],Large Corporations.
,Supreme Court,371,,['Kolkata'],17,"['Constitutional', 'Criminal', 'Real Estate']","['Kannada', 'Punjabi']",no,Divij Kale,['Shan-Arya'],Individuals.
2.0,Supreme Court,360,70.0,['Kolkata'],15,"['Environmental', 'Consumer Protection', 'Banking and Finance']","['Kannada', 'Gujarati']",yes,Indrajit Warrior,['Ganguly PLC'],Individuals.
5.0,High Court,194,102.0,['Hyderabad'],12,"['Real Estate', 'Banking and Finance', 'Human Rights']","['Gujarati', 'Urdu', 'Hindi']",yes,Kanav Kibe,"['Sen', 'Amble', 'Mannan']",Large Corporations.
2.0,Supreme Court,163,115.0,['Bangalore'],16,"['Family', 'Immigration', 'Corporate']","['Bengali', 'Kannada']",yes,Zara Dani,['Johal-Sami'],Individuals.
3.0,High Court,480,86.0,['Mumbai'],24,"['Tax', 'Environmental', 'Civil']","['Bengali', 'Tamil']",no,Divit Maharaj,"['Kunda', 'Sheth', 'Bakshi']",Individuals.
1.0,High Court,465,103.0,['Chennai'],19,"['Environmental', 'Immigration', 'Family']","['Kannada', 'Gujarati', 'Marathi']",no,Romil Sharaf,"['Bedi', 'Tara', 'Gala']",Small Businesses.
5.0,High Court,256,76.0,['Hyderabad'],8,"['Labor', 'Environmental', 'Human Rights']","['Telugu', 'Hindi', 'Tamil']",yes,Vidur Bala,['Johal PLC'],Individuals.
5.0,Supreme Court,431,80.0,['Delhi'],21,"['Immigration', 'Consumer Protection', 'Environmental']","['Punjabi', 'Hindi']",no,Navya Brar,['Saini-Bath'],Large Corporations.
2.0,Specialized Court,254,96.0,['Delhi'],17,"['Real Estate', 'Criminal', 'Banking and Finance']","['Gujarati', 'Odia']",no,Anay Sani,['Toor-Wali'],Individuals.
3.0,Supreme Court,241,102.0,['Mumbai'],23,"['Family', 'Intellectual Property', 'Intellectual Property']","['Marathi', 'Odia', 'Urdu']",no,Nehmat Dewan,"['Srivastava', 'Madan', 'Dash']",Small Businesses.
,Supreme Court,121,,['Mumbai'],5,"['Criminal', 'Criminal', 'Human Rights']","['Assamese', 'Tamil']",yes,Gokul Saha,"['Swamy', 'Vora', 'Kannan']",Large Corporations.
3.0,District Court,242,114.0,['Bangalore'],22,"['Environmental', 'Immigration', 'Real Estate']","['Kannada', 'Malayalam']",no,Drishya Varkey,['Deshmukh-Uppal'],Large Corporations.
5.0,High Court,292,89.0,['Delhi'],16,"['Civil', 'Labor', 'Intellectual Property']","['Kannada', 'Hindi', 'Punjabi']",no,Nishith Shroff,"['Tara', 'Dubey', 'Kannan']",Large Corporations.
4.0,Specialized Court,60,108.0,['Chennai'],6,"['Intellectual Property', 'Consumer Protection', 'Real Estate']","['Bengali', 'Tamil', 'Malayalam']",yes,Ivan Rajagopalan,"['Chaudhari', 'Dalal', 'Ben']",Large Corporations.
3.0,District Court,250,85.0,['Hyderabad'],8,"['Medical', 'Banking and Finance', 'Real Estate']","['Bengali', 'Urdu', 'Malayalam']",no,Piya Choudhury,"['Sur', 'Guha', 'Chhabra']",Small Businesses.
1.0,Specialized Court,402,104.0,['Mumbai'],25,"['Medical', 'Immigration', 'Medical']","['Bengali', 'Hindi', 'Tamil']",no,Himmat Chauhan,['Krishnamurthy Ltd'],Small Businesses.
2.0,Specialized Court,356,94.0,['Mumbai'],18,"['Family', 'Intellectual Property', 'Real Estate']","['Bengali', 'Assamese', 'Punjabi']",no,Samiha Kala,['Hans-Choudhary'],Small Businesses.
3.0,High Court,336,97.0,['Mumbai'],25,"['Media and Entertainment', 'Constitutional', 'Labor']","['Assamese', 'Hindi']",yes,Akarsh Bera,"['Buch', 'Batra', 'Vora']",Small Businesses.
3.0,Supreme Court,459,97.0,['Hyderabad'],12,"['Constitutional', 'Environmental', 'Civil']","['Punjabi', 'Odia']",yes,Anay Rau,"['Sodhi', 'Lad', 'Luthra']",Individuals.
1.0,High Court,58,66.0,['Chennai'],15,"['Environmental', 'Criminal', 'Corporate']","['Marathi', 'Malayalam']",no,Onkar Mahajan,['Date-Gulati'],Small Businesses.
,High Court,301,,['Delhi'],27,"['Real Estate', 'Banking and Finance', 'Corporate']","['Kannada', 'Gujarati', 'Odia']",no,Ivana Halder,"['Sule', 'Sons']",Individuals.
2.0,District Court,404,92.0,['Chennai'],26,"['Constitutional', 'Family', 'Intellectual Property']","['Bengali', 'Kannada', 'Hindi']",yes,Aayush Desai,['Barad LLC'],Large Corporations.
3.0,High Court,294,65.0,['Hyderabad'],9,"['Medical', 'Media and Entertainment', 'Intellectual Property']","['Gujarati', 'Odia', 'Hindi']",yes,Darshit Golla,"['Hayer', 'Sons']",Individuals.
4.0,Supreme Court,196,103.0,['Chennai'],13,"['Media and Entertainment', 'Labor', 'Real Estate']","['Punjabi', 'Assamese', 'Tamil']",no,Priyansh Sundaram,"['Tella', 'Talwar', 'Sami']",Individuals.
3.0,Specialized Court,111,104.0,['Bangalore'],26,"['Civil', 'Corporate', 'Medical']","['Assamese', 'Bengali']",no,Shanaya Chakrabarti,['Swamy LLC'],Individuals.
2.0,High Court,449,95.0,['Hyderabad'],15,"['Immigration', 'Intellectual Property', 'Medical']","['Assamese', 'Hindi', 'Urdu']",yes,Zain Yadav,['Chokshi-Jaggi'],Small Businesses.
3.0,Specialized Court,262,74.0,['Mumbai'],10,"['Tax', 'Immigration', 'Labor']","['Assamese', 'Bengali', 'Marathi']",no,Ela Subramaniam,"['Vig', 'Bhagat', 'Butala']",Small Businesses.
1.0,High Court,445,111.0,['Delhi'],16,"['Tax', 'Environmental', 'Real Estate']","['Punjabi', 'Urdu', 'Tamil']",yes,Inaaya  Mammen,"['Chada', 'Sons']",Large Corporations.
3.0,Specialized Court,314,121.0,['Bangalore'],7,"['Consumer Protection', 'Family', 'Labor']","['Bengali', 'Gujarati', 'Tamil']",yes,Riaan Gara,"['Ch', 'ra LLC']",Small Businesses.
3.0,High Court,353,93.0,['Bangalore'],17,"['Constitutional', 'Banking and Finance', 'Media and Entertainment']","['Kannada', 'Bengali', 'Urdu']",no,Armaan Malhotra,"['Banerjee', 'Wadhwa', 'Saxena']",Individuals.
,District Court,412,,['Hyderabad'],23,"['Media and Entertainment', 'Medical', 'Real Estate']","['Bengali', 'Odia']",yes,Raghav Dayal,"['G', 'hi', 'Buch', 'Ahluwalia']",Small Businesses.
1.0,Specialized Court,347,94.0,['Kolkata'],26,"['Banking and Finance', 'Civil', 'Family']","['Telugu', 'Marathi', 'Punjabi']",yes,Amira Tailor,"['Lata', 'Sathe', 'Gala']",Small Businesses.
1.0,High Court,229,98.0,['Mumbai'],21,"['Labor', 'Real Estate', 'Family']","['Bengali', 'Hindi', 'Tamil']",yes,Uthkarsh Lata,"['Goyal', 'Kamdar', 'Ramakrishnan']",Individuals.
3.0,High Court,281,89.0,['Delhi'],22,"['Immigration', 'Criminal', 'Immigration']","['Punjabi', 'Marathi', 'Odia']",yes,Anvi Ravel,"['Sethi-M', 'er']",Large Corporations.
4.0,District Court,411,90.0,['Delhi'],26,"['Tax', 'Human Rights', 'Real Estate']","['Telugu', 'Urdu']",no,Shamik Aggarwal,['Barman PLC'],Small Businesses.
3.0,District Court,218,104.0,['Delhi'],7,"['Immigration', 'Real Estate', 'Civil']","['Assamese', 'Urdu']",yes,Anvi Sabharwal,['Anne-Chacko'],Large Corporations.
3.0,District Court,225,126.0,['Hyderabad'],14,"['Family', 'Intellectual Property', 'Banking and Finance']","['Assamese', 'Odia']",no,Zara Kari,"['Bhatia', 'Kar', 'Kant']",Individuals.
2.0,Specialized Court,93,69.0,['Mumbai'],15,"['Immigration', 'Civil', 'Environmental']","['Bengali', 'Hindi', 'Punjabi']",yes,Uthkarsh Madan,"['Barman', 'Thaman', 'Ratti']",Small Businesses.
2.0,Specialized Court,462,89.0,['Hyderabad'],21,"['Corporate', 'Medical', 'Immigration']","['Hindi', 'Tamil', 'Malayalam']",no,Oorja Sarma,['Soni Ltd'],Large Corporations.
4.0,District Court,91,73.0,['Delhi'],7,"['Civil', 'Civil', 'Intellectual Property']","['Hindi', 'Marathi', 'Malayalam']",yes,Amira Chandran,['Sachar-Srinivas'],Large Corporations.
,Supreme Court,342,,['Chennai'],9,"['Tax', 'Banking and Finance', 'Tax']","['Gujarati', 'Marathi', 'Urdu']",no,Tushar Savant,['Soni Group'],Individuals.
2.0,Supreme Court,236,82.0,['Chennai'],19,"['Immigration', 'Civil', 'Real Estate']","['Punjabi', 'Hindi', 'Tamil']",no,Nirvaan Bhatia,['Mahajan Inc'],Small Businesses.
5.0,High Court,233,69.0,['Mumbai'],16,"['Constitutional', 'Corporate', 'Human Rights']","['Bengali', 'Assamese', 'Urdu']",no,Yashvi Wadhwa,['Gara PLC'],Large Corporations.
1.0,Supreme Court,356,100.0,['Delhi'],8,"['Criminal', 'Media and Entertainment', 'Consumer Protection']","['Telugu', 'Kannada']",yes,Oorja Biswas,"['Sahota', 'Mani', 'Kurian']",Large Corporations.
2.0,High Court,80,117.0,['Hyderabad'],18,"['Corporate', 'Intellectual Property', 'Family']","['Telugu', 'Bengali', 'Malayalam']",yes,Zaina Sarin,['Choudhury PLC'],Large Corporations.
2.0,Specialized Court,317,100.0,['Kolkata'],27,"['Corporate', 'Human Rights', 'Human Rights']","['Bengali', 'Tamil']",yes,Khushi Verma,['Kapoor-Mahajan'],Large Corporations.
4.0,Specialized Court,397,94.0,['Kolkata'],23,"['Labor', 'Constitutional', 'Tax']","['Telugu', 'Malayalam']",yes,Shray Devan,"['M', 'al', 'Sathe', 'Kaur']",Large Corporations.
5.0,Supreme Court,423,97.0,['Kolkata'],29,"['Immigration', 'Real Estate', 'Labor']","['Kannada', 'Telugu', 'Odia']",yes,Anika Balasubramanian,"['Shah', 'Sons']",Large Corporations.
2.0,Specialized Court,127,112.0,['Chennai'],18,"['Media and Entertainment', 'Human Rights', 'Tax']","['Telugu', 'Urdu']",no,Vivaan Gour,"['Goel', 'Banerjee', 'Sha']",Large Corporations.
2.0,District Court,454,77.0,['Hyderabad'],20,"['Consumer Protection', 'Constitutional', 'Medical']","['Telugu', 'Marathi', 'Punjabi']",no,Akarsh Mannan,"['Ch', 'a-Gara']",Large Corporations.
,District Court,345,,['Kolkata'],7,"['Labor', 'Family', 'Civil']","['Assamese', 'Telugu', 'Urdu']",yes,Aarush De,['Madan-Deo'],Large Corporations.
4.0,Supreme Court,447,84.0,['Delhi'],3,"['Human Rights', 'Medical', 'Real Estate']","['Bengali', 'Marathi', 'Gujarati']",no,Eva Barad,['Agrawal PLC'],Large Corporations.
5.0,Supreme Court,268,73.0,['Delhi'],18,"['Labor', 'Tax', 'Corporate']","['Punjabi', 'Odia', 'Urdu']",no,Jivin Rajagopalan,"['Andra', 'Rama', 'Bakshi']",Small Businesses.
1.0,High Court,294,86.0,['Kolkata'],27,"['Criminal', 'Labor', 'Tax']","['Punjabi', 'Telugu', 'Urdu']",yes,Charvi Warrior,['Jaggi-Walia'],Individuals.
1.0,Specialized Court,464,107.0,['Bangalore'],10,"['Family', 'Labor', 'Banking and Finance']","['Bengali', 'Telugu', 'Urdu']",no,Zoya Subramaniam,"['Goel', 'Bhatia', 'M', 'al']",Individuals.
3.0,High Court,455,99.0,['Kolkata'],7,"['Immigration', 'Constitutional', 'Medical']","['Marathi', 'Hindi', 'Odia']",yes,Ryan Vala,['Mani Group'],Individuals.
2.0,High Court,252,100.0,['Bangalore'],17,"['Real Estate', 'Tax', 'Media and Entertainment']","['Telugu', 'Marathi', 'Odia']",no,Zoya Chana,"['Kashyap', 'Rege', 'Saxena']",Large Corporations.
5.0,District Court,173,93.0,['Mumbai'],14,"['Medical', 'Banking and Finance', 'Corporate']","['Marathi', 'Gujarati']",no,Rohan Manne,['Date-Kulkarni'],Individuals.
2.0,District Court,227,98.0,['Mumbai'],24,"['Tax', 'Human Rights', 'Labor']","['Assamese', 'Kannada', 'Marathi']",no,Romil Kapur,['Sachdeva LLC'],Large Corporations.
5.0,District Court,224,78.0,['Delhi'],3,"['Labor', 'Tax', 'Immigration']","['Assamese', 'Gujarati', 'Tamil']",no,Tanya Ravel,"['Toor', 'Kara', 'Agate']",Small Businesses.
,District Court,179,,['Hyderabad'],12,"['Civil', 'Criminal', 'Human Rights']","['Kannada', 'Gujarati', 'Marathi']",no,Hrishita Suresh,['Bava-Bir'],Individuals.
5.0,High Court,171,93.0,['Chennai'],28,"['Intellectual Property', 'Family', 'Medical']","['Bengali', 'Gujarati', 'Punjabi']",yes,Vritika Sathe,['Tak LLC'],Small Businesses.
2.0,District Court,437,95.0,['Hyderabad'],13,"['Civil', 'Intellectual Property', 'Corporate']","['Assamese', 'Gujarati', 'Odia']",no,Neelofar Vora,"['Sane', 'Vyas', 'Anne']",Small Businesses.
4.0,Specialized Court,81,95.0,['Delhi'],2,"['Criminal', 'Tax', 'Medical']","['Punjabi', 'Malayalam']",yes,Kabir Tak,['Mann Inc'],Large Corporations.
2.0,District Court,355,88.0,['Delhi'],3,"['Criminal', 'Immigration', 'Immigration']","['Bengali', 'Telugu', 'Malayalam']",no,Samaira Bir,['Saha-Sidhu'],Individuals.
5.0,District Court,128,85.0,['Hyderabad'],5,"['Constitutional', 'Consumer Protection', 'Media and Entertainment']","['Tamil', 'Odia', 'Urdu']",no,Aradhya Sehgal,['Som PLC'],Small Businesses.
3.0,District Court,205,138.0,['Chennai'],11,"['Human Rights', 'Banking and Finance', 'Family']","['Telugu', 'Assamese', 'Gujarati']",no,Adah Hayre,['Khatri LLC'],Individuals.
1.0,Supreme Court,78,104.0,['Delhi'],8,"['Human Rights', 'Labor', 'Environmental']","['Marathi', 'Gujarati', 'Urdu']",yes,Fateh Dhar,['Sundaram Group'],Small Businesses.
5.0,Specialized Court,171,97.0,['Chennai'],26,"['Family', 'Immigration', 'Real Estate']","['Kannada', 'Marathi']",no,Hansh Balay,"['Comar', 'Rana', 'Sharaf']",Small Businesses.
3.0,Specialized Court,396,87.0,['Delhi'],23,"['Consumer Protection', 'Family', 'Tax']","['Hindi', 'Odia']",no,Ahana  Wadhwa,['Bhavsar PLC'],Large Corporations.
,High Court,448,,['Mumbai'],23,"['Tax', 'Tax', 'Family']","['Assamese', 'Gujarati', 'Odia']",yes,Rhea Rajagopal,['Roy PLC'],Individuals.
5.0,High Court,150,89.0,['Bangalore'],12,"['Environmental', 'Real Estate', 'Family']","['Assamese', 'Telugu', 'Malayalam']",yes,Nayantara Konda,"['Bora', 'Bassi', 'R', 'hawa']",Large Corporations.
3.0,District Court,259,95.0,['Delhi'],7,"['Labor', 'Labor', 'Consumer Protection']","['Gujarati', 'Odia', 'Urdu']",yes,Madhav Rastogi,"['Yadav', 'Talwar', 'Kar']",Large Corporations.
5.0,Supreme Court,262,62.0,['Bangalore'],15,"['Civil', 'Criminal', 'Constitutional']","['Kannada', 'Assamese', 'Hindi']",no,Nehmat Brahmbhatt,['Sami-Sachdev'],Large Corporations.
2.0,High Court,443,67.0,['Kolkata'],24,"['Intellectual Property', 'Environmental', 'Criminal']","['Bengali', 'Hindi', 'Punjabi']",no,Oorja Sarkar,['Shenoy-Gala'],Large Corporations.
3.0,High Court,393,81.0,['Delhi'],17,"['Criminal', 'Criminal', 'Media and Entertainment']","['Gujarati', 'Odia', 'Hindi']",no,Neysa Chatterjee,"['Lall', 'Warrior', 'Gala']",Large Corporations.
2.0,District Court,281,94.0,['Mumbai'],4,"['Criminal', 'Consumer Protection', 'Media and Entertainment']","['Punjabi', 'Hindi', 'Urdu']",no,Kashvi Bhat,['Bhat-Wable'],Small Businesses.
2.0,District Court,352,87.0,['Chennai'],29,"['Family', 'Civil', 'Media and Entertainment']","['Bengali', 'Gujarati']",yes,Lavanya Joshi,['Gara Inc'],Individuals.
3.0,High Court,431,113.0,['Mumbai'],22,"['Intellectual Property', 'Environmental', 'Banking and Finance']","['Bengali', 'Gujarati', 'Malayalam']",yes,Damini Golla,['Dani-Sura'],Individuals.
1.0,High Court,54,68.0,['Bangalore'],25,"['Banking and Finance', 'Corporate', 'Civil']","['Bengali', 'Marathi', 'Odia']",no,Vardaniya Ravel,"['Banerjee', 'Hayre', 'Srinivas']",Large Corporations.
,Specialized Court,231,,['Chennai'],13,"['Intellectual Property', 'Tax', 'Immigration']","['Telugu', 'Gujarati', 'Marathi']",no,Badal Gupta,['Sekhon-Roy'],Individuals.
1.0,Supreme Court,458,113.0,['Mumbai'],18,"['Family', 'Family', 'Medical']","['Telugu', 'Kannada', 'Hindi']",yes,Jayesh Chander,"['Ramakrishnan', 'Sons']",Small Businesses.
5.0,Specialized Court,383,92.0,['Mumbai'],1,"['Criminal', 'Labor', 'Environmental']","['Kannada', 'Telugu', 'Odia']",yes,Nitya Kalita,['Wali-Dewan'],Large Corporations.
5.0,High Court,294,104.0,['Mumbai'],16,"['Tax', 'Corporate', 'Constitutional']","['Telugu', 'Gujarati', 'Tamil']",no,Manjari Sunder,['Aggarwal Inc'],Small Businesses.
3.0,Specialized Court,288,121.0,['Hyderabad'],13,"['Immigration', 'Media and Entertainment', 'Criminal']","['Bengali', 'Assamese']",yes,Prisha Bandi,"['Wason', 'Sons']",Small Businesses.
5.0,Specialized Court,206,80.0,['Chennai'],10,"['Immigration', 'Family', 'Environmental']","['Telugu', 'Assamese', 'Malayalam']",no,Mishti Dani,"['Dani', 'Sachar', 'Bhatia']",Large Corporations.
4.0,High Court,284,89.0,['Mumbai'],12,"['Family', 'Consumer Protection', 'Civil']","['Punjabi', 'Telugu', 'Urdu']",no,Bhamini Hegde,['Ramaswamy-Dara'],Small Businesses.
2.0,District Court,345,86.0,['Mumbai'],2,"['Intellectual Property', 'Constitutional', 'Immigration']","['Hindi', 'Odia']",no,Aaryahi Randhawa,"['Barman', 'Garg', 'Tara']",Large Corporations.
2.0,High Court,238,61.0,['Bangalore'],23,"['Media and Entertainment', 'Tax', 'Real Estate']","['Bengali', 'Odia', 'Tamil']",yes,Oorja Dasgupta,"['S', 'al LLC']",Small Businesses.
1.0,District Court,371,86.0,['Mumbai'],3,"['Labor', 'Intellectual Property', 'Civil']","['Bengali', 'Telugu', 'Gujarati']",yes,Ishaan Cheema,['Bal-Brar'],Individuals.
,High Court,438,,['Mumbai'],10,"['Family', 'Intellectual Property', 'Tax']","['Telugu', 'Kannada']",yes,Ela Kata,['Kashyap-Suresh'],Individuals.
1.0,High Court,120,99.0,['Kolkata'],2,"['Tax', 'Tax', 'Medical']","['Kannada', 'Marathi', 'Gujarati']",yes,Himmat Korpal,"['Bobal', 'Sons']",Individuals.
2.0,High Court,253,100.0,['Chennai'],27,"['Family', 'Environmental', 'Family']","['Gujarati', 'Marathi', 'Tamil']",no,Anya Bose,['Konda Group'],Large Corporations.
2.0,Supreme Court,234,85.0,['Kolkata'],23,"['Media and Entertainment', 'Civil', 'Consumer Protection']","['Bengali', 'Urdu', 'Punjabi']",no,Adah Mallick,"['Issac', 'Shanker', 'Basu']",Small Businesses.
5.0,District Court,359,81.0,['Hyderabad'],13,"['Media and Entertainment', 'Civil', 'Medical']","['Bengali', 'Kannada']",no,Advik Sharaf,['Date Inc'],Small Businesses.
4.0,Supreme Court,162,110.0,['Bangalore'],13,"['Corporate', 'Environmental', 'Criminal']","['Tamil', 'Urdu']",yes,Lakshit Kumer,['Ben-Thakkar'],Individuals.
4.0,High Court,338,83.0,['Kolkata'],18,"['Human Rights', 'Human Rights', 'Criminal']","['Kannada', 'Telugu', 'Marathi']",yes,Dhanush Chokshi,['Bose Group'],Individuals.
5.0,Specialized Court,445,95.0,['Hyderabad'],3,"['Civil', 'Medical', 'Environmental']","['Bengali', 'Gujarati', 'Odia']",yes,Mamooty Shah,['Grover-Bansal'],Large Corporations.
5.0,Supreme Court,238,93.0,['Delhi'],27,"['Intellectual Property', 'Intellectual Property', 'Consumer Protection']","['Gujarati', 'Marathi']",no,Yakshit Sanghvi,['Sengupta-Sastry'],Large Corporations.
1.0,District Court,460,112.0,['Chennai'],7,"['Consumer Protection', 'Real Estate', 'Media and Entertainment']","['Bengali', 'Tamil', 'Malayalam']",no,Pari Sane,"['Gola', 'Khalsa', 'Golla']",Small Businesses.
,High Court,497,,['Mumbai'],14,"['Constitutional', 'Environmental', 'Criminal']","['Gujarati', 'Odia', 'Malayalam']",no,Kismat Goyal,['Babu Inc'],Large Corporations.
4.0,Supreme Court,98,71.0,['Kolkata'],20,"['Medical', 'Labor', 'Medical']","['Marathi', 'Malayalam']",no,Dhanuk Bhagat,"['Bakshi', 'Dutt', 'Sridhar']",Large Corporations.
5.0,Specialized Court,155,73.0,['Kolkata'],29,"['Constitutional', 'Intellectual Property', 'Consumer Protection']","['Punjabi', 'Odia']",no,Aarush Goyal,['Chakrabarti-Swaminathan'],Large Corporations.
1.0,Supreme Court,478,99.0,['Mumbai'],17,"['Intellectual Property', 'Real Estate', 'Immigration']","['Odia', 'Tamil']",yes,Advik Dara,"['Gera', 'Sachdeva', 'Rana']",Individuals.
1.0,District Court,481,90.0,['Mumbai'],29,"['Consumer Protection', 'Consumer Protection', 'Tax']","['Assamese', 'Gujarati', 'Tamil']",yes,Nakul Swamy,['Kade-Sekhon'],Individuals.
1.0,Supreme Court,94,84.0,['Bangalore'],21,"['Environmental', 'Corporate', 'Civil']","['Assamese', 'Gujarati', 'Tamil']",no,Lavanya Salvi,['Manne LLC'],Small Businesses.
1.0,Specialized Court,57,106.0,['Kolkata'],12,"['Tax', 'Real Estate', 'Family']","['Telugu', 'Malayalam']",yes,Nirvi Sarkar,['Lad-Gole'],Large Corporations.
3.0,Specialized Court,122,93.0,['Kolkata'],25,"['Corporate', 'Corporate', 'Tax']","['Telugu', 'Odia', 'Malayalam']",no,Stuvan Shan,"['Vig', 'Balakrishnan', 'Behl']",Individuals.
5.0,District Court,498,91.0,['Delhi'],16,"['Media and Entertainment', 'Medical', 'Constitutional']","['Gujarati', 'Odia', 'Hindi']",yes,Shamik Sibal,['Bhatt Group'],Large Corporations.
2.0,Specialized Court,131,102.0,['Hyderabad'],24,"['Corporate', 'Family', 'Real Estate']","['Assamese', 'Marathi', 'Odia']",no,Divij Roy,['Sundaram Ltd'],Small Businesses.
,High Court,276,,['Delhi'],12,"['Medical', 'Banking and Finance', 'Consumer Protection']","['Assamese', 'Hindi', 'Tamil']",yes,Hrishita Kapur,"['Dhillon', 'Chawla', 'Tak']",Large Corporations.
3.0,Specialized Court,432,114.0,['Kolkata'],15,"['Criminal', 'Immigration', 'Corporate']","['Bengali', 'Kannada', 'Malayalam']",yes,Advik Kala,['Hari-Chakrabarti'],Small Businesses.
1.0,High Court,59,79.0,['Delhi'],25,"['Media and Entertainment', 'Family', 'Tax']","['Telugu', 'Marathi', 'Urdu']",yes,Zoya Bhatt,"['Saxena', 'Sons']",Small Businesses.
3.0,Supreme Court,322,100.0,['Kolkata'],10,"['Media and Entertainment', 'Intellectual Property', 'Environmental']","['Bengali', 'Gujarati', 'Malayalam']",no,Yasmin Arora,"['Srinivasan', 'Bains', 'Sahni']",Individuals.
4.0,High Court,175,112.0,['Chennai'],25,"['Civil', 'Corporate', 'Constitutional']","['Hindi', 'Marathi', 'Malayalam']",no,Kanav Khalsa,"['Cheema', 'Gara', 'Saxena']",Large Corporations.
4.0,High Court,438,70.0,['Bangalore'],7,"['Immigration', 'Intellectual Property', 'Family']","['Punjabi', 'Urdu', 'Malayalam']",yes,Indrajit Hegde,['Verma-Brahmbhatt'],Individuals.
5.0,Supreme Court,178,85.0,['Delhi'],20,"['Real Estate', 'Medical', 'Environmental']","['Telugu', 'Tamil']",no,Nishith Anne,"['Devan', 'Mammen', 'Sarna']",Large Corporations.
5.0,Specialized Court,359,108.0,['Kolkata'],5,"['Tax', 'Environmental', 'Environmental']","['Punjabi', 'Kannada', 'Malayalam']",no,Adah Dass,"['Dave', 'Arya', 'Dara']",Large Corporations.
2.0,High Court,353,108.0,['Delhi'],1,"['Medical', 'Tax', 'Human Rights']","['Kannada', 'Tamil', 'Punjabi']",yes,Krish Mahajan,"['Johal', 'Butala', 'Datta']",Small Businesses.
2.0,Specialized Court,150,88.0,['Hyderabad'],17,"['Real Estate', 'Labor', 'Corporate']","['Telugu', 'Kannada', 'Marathi']",yes,Baiju Lalla,"['Ganesan', 'Bhatt', 'Varty']",Small Businesses.
,Supreme Court,66,,['Bangalore'],3,"['Banking and Finance', 'Criminal', 'Consumer Protection']","['Punjabi', 'Tamil']",no,Myra Ramakrishnan,['Jain-Dayal'],Large Corporations.
1.0,District Court,234,105.0,['Chennai'],13,"['Real Estate', 'Media and Entertainment', 'Corporate']","['Kannada', 'Odia', 'Punjabi']",no,Madhup Sharaf,"['Kar', 'Goda', 'Chad']",Individuals.
3.0,Specialized Court,180,108.0,['Mumbai'],14,"['Intellectual Property', 'Media and Entertainment', 'Tax']","['Marathi', 'Malayalam']",yes,Ritvik Jhaveri,['Singh Ltd'],Small Businesses.
2.0,Specialized Court,414,73.0,['Mumbai'],24,"['Medical', 'Intellectual Property', 'Environmental']","['Assamese', 'Gujarati', 'Tamil']",no,Rhea Deshpande,['Kapur-Bhatia'],Small Businesses.
2.0,District Court,410,72.0,['Delhi'],18,"['Constitutional', 'Labor', 'Criminal']","['Kannada', 'Gujarati', 'Odia']",no,Eshani Majumdar,['Khatri-Mani'],Large Corporations.
1.0,District Court,256,94.0,['Kolkata'],4,"['Constitutional', 'Environmental', 'Intellectual Property']","['Odia', 'Tamil', 'Malayalam']",no,Mishti Goswami,['Deo LLC'],Large Corporations.
1.0,Supreme Court,323,100.0,['Hyderabad'],18,"['Immigration', 'Real Estate', 'Family']","['Punjabi', 'Gujarati']",yes,Aniruddh Chawla,['Kibe Inc'],Small Businesses.
5.0,Specialized Court,322,86.0,['Bangalore'],5,"['Medical', 'Environmental', 'Criminal']","['Punjabi', 'Tamil']",yes,Vaibhav Raja,"['Thakkar', 'Dutta', 'Agarwal']",Individuals.
3.0,Specialized Court,422,101.0,['Chennai'],25,"['Intellectual Property', 'Consumer Protection', 'Media and Entertainment']","['Bengali', 'Kannada', 'Malayalam']",no,Myra Krish,"['Kadakia', 'Salvi', 'Sekhon']",Small Businesses.
1.0,Supreme Court,241,80.0,['Chennai'],16,"['Real Estate', 'Family', 'Family']","['Assamese', 'Tamil']",no,Madhup Aggarwal,['Ratti-Sha'],Large Corporations.
,Specialized Court,174,,['Chennai'],1,"['Consumer Protection', 'Human Rights', 'Consumer Protection']","['Assamese', 'Gujarati', 'Malayalam']",yes,Riya Krish,['Jhaveri-Ravi'],Small Businesses.
2.0,High Court,169,84.0,['Mumbai'],21,"['Banking and Finance', 'Real Estate', 'Intellectual Property']","['Marathi', 'Gujarati', 'Urdu']",yes,Urvi Krishnamurthy,"['Keer', 'Kothari', 'Bh', 'ari']",Large Corporations.
4.0,High Court,291,91.0,['Bangalore'],14,"['Environmental', 'Criminal', 'Banking and Finance']","['Kannada', 'Marathi']",yes,Aarna Rajagopal,"['Grover', 'Chatterjee', 'Kulkarni']",Small Businesses.
1.0,High Court,252,86.0,['Mumbai'],15,"['Human Rights', 'Corporate', 'Real Estate']","['Hindi', 'Urdu']",yes,Kanav Kapadia,['Borra-Bera'],Large Corporations.
5.0,Specialized Court,248,73.0,['Delhi'],9,"['Labor', 'Tax', 'Intellectual Property']","['Telugu', 'Urdu']",yes,Drishya Mand,"['Chakraborty', 'Basu', 'Basak']",Large Corporations.
3.0,High Court,91,63.0,['Chennai'],15,"['Constitutional', 'Labor', 'Consumer Protection']","['Telugu', 'Gujarati', 'Urdu']",yes,Mohanlal Sarkar,"['Keer', 'Kadakia', 'Virk']",Individuals.
5.0,High Court,373,83.0,['Bangalore'],17,"['Tax', 'Tax', 'Labor']","['Telugu', 'Malayalam']",yes,Ayesha Anne,"['Kar', 'Jani', 'Gill']",Large Corporations.
2.0,Supreme Court,146,104.0,['Chennai'],25,"['Consumer Protection', 'Immigration', 'Media and Entertainment']","['Tamil', 'Malayalam']",yes,Vaibhav Kota,['Khare Inc'],Small Businesses.
5.0,Supreme Court,139,109.0,['Mumbai'],24,"['Tax', 'Medical', 'Human Rights']","['Gujarati', 'Marathi']",yes,Seher Buch,['Raju-Arora'],Large Corporations.
2.0,District Court,236,108.0,['Mumbai'],4,"['Criminal', 'Environmental', 'Tax']","['Bengali', 'Hindi', 'Tamil']",no,Nayantara Saraf,['Bajwa-Dhingra'],Small Businesses.
,District Court,153,,['Mumbai'],12,"['Medical', 'Intellectual Property', 'Consumer Protection']","['Assamese', 'Marathi', 'Malayalam']",no,Yuvaan Agate,['Dugar-Devan'],Individuals.
2.0,District Court,313,73.0,['Chennai'],27,"['Family', 'Corporate', 'Tax']","['Punjabi', 'Telugu', 'Gujarati']",yes,Ahana  Kapadia,['Devi-Dubey'],Small Businesses.
2.0,District Court,217,98.0,['Bangalore'],26,"['Labor', 'Media and Entertainment', 'Constitutional']","['Kannada', 'Tamil', 'Malayalam']",no,Khushi Jaggi,['Sane-Bhatia'],Individuals.
2.0,Supreme Court,252,100.0,['Bangalore'],5,"['Constitutional', 'Immigration', 'Criminal']","['Kannada', 'Marathi', 'Gujarati']",yes,Advik Borah,['Bhakta-Cheema'],Individuals.
4.0,Supreme Court,292,97.0,['Delhi'],29,"['Banking and Finance', 'Environmental', 'Human Rights']","['Kannada', 'Odia', 'Urdu']",yes,Amani Shan,['Tank PLC'],Large Corporations.
5.0,Supreme Court,142,60.0,['Chennai'],5,"['Corporate', 'Constitutional', 'Constitutional']","['Telugu', 'Marathi', 'Punjabi']",no,Sumer Ramachandran,['Kannan Ltd'],Individuals.
4.0,High Court,120,77.0,['Delhi'],11,"['Constitutional', 'Intellectual Property', 'Labor']","['Assamese', 'Telugu', 'Tamil']",yes,Hunar Chaudry,"['Raval', 'Hari', 'Raja']",Small Businesses.
4.0,High Court,446,90.0,['Hyderabad'],28,"['Consumer Protection', 'Real Estate', 'Intellectual Property']","['Telugu', 'Odia', 'Punjabi']",no,Misha Viswanathan,"['Dyal', 'Karnik', 'Arya']",Individuals.
1.0,District Court,245,98.0,['Delhi'],6,"['Criminal', 'Family', 'Tax']","['Punjabi', 'Assamese', 'Odia']",no,Inaaya  Chand,['Viswanathan Inc'],Individuals.
1.0,High Court,235,102.0,['Delhi'],7,"['Tax', 'Banking and Finance', 'Medical']","['Urdu', 'Malayalam']",yes,Amani Basak,['Sha Ltd'],Large Corporations.
,Specialized Court,66,,['Delhi'],24,"['Real Estate', 'Labor', 'Immigration']","['Assamese', 'Marathi', 'Tamil']",no,Sahil Rau,"['S', 'hu', 'Kulkarni', 'Kari']",Small Businesses.
3.0,Supreme Court,274,95.0,['Mumbai'],14,"['Corporate', 'Human Rights', 'Intellectual Property']","['Gujarati', 'Tamil']",no,Raunak Dara,['Sharma LLC'],Individuals.
1.0,District Court,299,92.0,['Hyderabad'],24,"['Intellectual Property', 'Consumer Protection', 'Media and Entertainment']","['Kannada', 'Telugu', 'Tamil']",no,Rati Agate,"['Chakrabarti', 'Sons']",Large Corporations.
5.0,District Court,301,101.0,['Delhi'],11,"['Civil', 'Criminal', 'Human Rights']","['Kannada', 'Bengali', 'Tamil']",no,Heer Gera,"['Savant', 'Sood', 'Ghosh']",Large Corporations.
4.0,Specialized Court,368,95.0,['Bangalore'],13,"['Real Estate', 'Criminal', 'Intellectual Property']","['Punjabi', 'Marathi', 'Urdu']",yes,Arhaan Dora,['Srinivasan-Dhawan'],Small Businesses.
5.0,High Court,130,91.0,['Delhi'],2,"['Civil', 'Human Rights', 'Labor']","['Marathi', 'Urdu', 'Malayalam']",no,Sahil Sankar,"['An', '-Wagle']",Large Corporations.
1.0,District Court,164,86.0,['Mumbai'],25,"['Labor', 'Real Estate', 'Real Estate']","['Assamese', 'Gujarati', 'Hindi']",no,Tara Agarwal,"['Singhal', 'Setty', 'Wagle']",Individuals.
3.0,High Court,415,92.0,['Kolkata'],7,"['Environmental', 'Civil', 'Family']","['Gujarati', 'Hindi', 'Malayalam']",yes,Siya Kalla,['Bora Group'],Large Corporations.
3.0,High Court,476,98.0,['Hyderabad'],20,"['Family', 'Criminal', 'Environmental']","['Urdu', 'Tamil']",no,Vidur Contractor,"['Viswanathan', 'Bansal', 'Keer']",Small Businesses.
4.0,Specialized Court,111,95.0,['Kolkata'],4,"['Environmental', 'Labor', 'Environmental']","['Marathi', 'Odia', 'Urdu']",yes,Dharmajan Chhabra,['Barad-Upadhyay'],Small Businesses.
,District Court,274,,['Kolkata'],27,"['Corporate', 'Real Estate', 'Labor']","['Punjabi', 'Odia', 'Urdu']",no,Shaan Sama,['Chowdhury-Shere'],Large Corporations.
2.0,High Court,146,111.0,['Hyderabad'],8,"['Immigration', 'Corporate', 'Media and Entertainment']","['Assamese', 'Marathi', 'Punjabi']",yes,Anaya Chhabra,"['Tiwari', 'Sons']",Individuals.
5.0,High Court,77,94.0,['Chennai'],20,"['Corporate', 'Criminal', 'Family']","['Punjabi', 'Hindi', 'Urdu']",no,Advika Talwar,"['Ch', 'er LLC']",Large Corporations.
1.0,Specialized Court,196,81.0,['Bangalore'],29,"['Environmental', 'Tax', 'Media and Entertainment']","['Punjabi', 'Hindi', 'Malayalam']",yes,Emir Choudhry,['Balasubramanian Inc'],Small Businesses.
2.0,Specialized Court,115,104.0,['Mumbai'],22,"['Constitutional', 'Real Estate', 'Tax']","['Marathi', 'Tamil', 'Malayalam']",no,Kashvi Salvi,['Bains-Kulkarni'],Large Corporations.
3.0,High Court,369,70.0,['Hyderabad'],21,"['Consumer Protection', 'Labor', 'Labor']","['Telugu', 'Odia', 'Tamil']",yes,Nirvaan Amble,['Hari Ltd'],Large Corporations.
4.0,Specialized Court,290,74.0,['Kolkata'],19,"['Tax', 'Human Rights', 'Family']","['Marathi', 'Odia', 'Urdu']",yes,Baiju Arya,"['Garg', 'Sons']",Individuals.
4.0,High Court,115,96.0,['Mumbai'],13,"['Constitutional', 'Banking and Finance', 'Consumer Protection']","['Kannada', 'Bengali', 'Tamil']",yes,Dhanuk Borde,"['Jha', 'Sons']",Large Corporations.
3.0,District Court,54,98.0,['Mumbai'],14,"['Constitutional', 'Tax', 'Constitutional']","['Gujarati', 'Marathi', 'Hindi']",yes,Nirvaan Raval,['Walia-Varughese'],Individuals.
1.0,Supreme Court,414,72.0,['Chennai'],10,"['Consumer Protection', 'Media and Entertainment', 'Labor']","['Telugu', 'Gujarati', 'Hindi']",yes,Rhea Khurana,['Borde Group'],Large Corporations.
,Specialized Court,129,,['Kolkata'],11,"['Consumer Protection', 'Media and Entertainment', 'Consumer Protection']","['Kannada', 'Gujarati', 'Tamil']",no,Kavya Gera,['Venkataraman LLC'],Large Corporations.
1.0,Supreme Court,323,81.0,['Delhi'],2,"['Labor', 'Intellectual Property', 'Tax']","['Assamese', 'Bengali', 'Malayalam']",no,Madhup Sarma,['Saran-Sachdeva'],Individuals.
2.0,High Court,202,83.0,['Mumbai'],25,"['Real Estate', 'Media and Entertainment', 'Labor']","['Punjabi', 'Bengali', 'Odia']",yes,Samaira Lata,['Taneja-Bhavsar'],Individuals.
3.0,High Court,313,105.0,['Kolkata'],26,"['Immigration', 'Intellectual Property', 'Tax']","['Bengali', 'Tamil', 'Malayalam']",yes,Divit Bava,"['Khanna', 'Bava', 'Chaudry']",Small Businesses.
1.0,High Court,192,101.0,['Mumbai'],9,"['Immigration', 'Criminal', 'Media and Entertainment']","['Telugu', 'Odia', 'Malayalam']",no,Himmat Amble,['Ahuja-Chaudry'],Individuals.
2.0,Supreme Court,89,90.0,['Chennai'],17,"['Constitutional', 'Tax', 'Labor']","['Assamese', 'Bengali', 'Marathi']",no,Abram Sagar,"['Jani', 'M', 'a', 'Deep']",Large Corporations.
3.0,High Court,150,82.0,['Chennai'],26,"['Civil', 'Family', 'Family']","['Punjabi', 'Odia', 'Malayalam']",yes,Hunar Mane,['Garg LLC'],Small Businesses.
4.0,Specialized Court,135,70.0,['Delhi'],3,"['Labor', 'Environmental', 'Media and Entertainment']","['Bengali', 'Urdu', 'Punjabi']",no,Sara Sami,['Vasa-Balay'],Individuals.
3.0,District Court,243,112.0,['Chennai'],24,"['Medical', 'Intellectual Property', 'Real Estate']","['Punjabi', 'Telugu', 'Tamil']",yes,Nirvi Kanda,"['Loke', 'Khatri', 'Sarma']",Individuals.
5.0,District Court,346,99.0,['Kolkata'],6,"['Medical', 'Family', 'Civil']","['Kannada', 'Marathi', 'Malayalam']",yes,Neelofar Virk,['Chopra-Date'],Small Businesses.
,Specialized Court,169,,['Hyderabad'],5,"['Media and Entertainment', 'Corporate', 'Consumer Protection']","['Assamese', 'Tamil']",no,Darshit Bir,['Sura-Contractor'],Large Corporations.
5.0,District Court,55,101.0,['Chennai'],5,"['Banking and Finance', 'Real Estate', 'Family']","['Punjabi', 'Marathi', 'Odia']",no,Shamik Thaman,['Vala Ltd'],Large Corporations.
2.0,Supreme Court,284,89.0,['Hyderabad'],22,"['Constitutional', 'Environmental', 'Criminal']","['Kannada', 'Marathi', 'Malayalam']",yes,Kartik Sheth,"['Wason', 'Tripathi', 'Baria']",Small Businesses.
3.0,High Court,323,86.0,['Delhi'],15,"['Family', 'Immigration', 'Corporate']","['Telugu', 'Tamil', 'Malayalam']",no,Shayak Chawla,"['Krishna', 'Sama', 'Mani']",Large Corporations.
2.0,High Court,483,97.0,['Bangalore'],23,"['Tax', 'Medical', 'Consumer Protection']","['Telugu', 'Bengali', 'Punjabi']",no,Riya Dass,['Sangha-Sridhar'],Individuals.
2.0,High Court,315,79.0,['Mumbai'],17,"['Consumer Protection', 'Labor', 'Real Estate']","['Bengali', 'Odia']",no,Uthkarsh Som,"['De', 'Sons']",Large Corporations.
1.0,Supreme Court,262,85.0,['Mumbai'],9,"['Real Estate', 'Consumer Protection', 'Constitutional']","['Telugu', 'Assamese', 'Urdu']",no,Ivan Batra,"['Lal', 'Bhakta', 'Karnik']",Individuals.
2.0,Supreme Court,308,92.0,['Kolkata'],3,"['Intellectual Property', 'Medical', 'Intellectual Property']","['Kannada', 'Gujarati', 'Odia']",yes,Dhanuk Roy,"['Sinha', 'Virk', 'Tripathi']",Large Corporations.
2.0,Supreme Court,468,83.0,['Delhi'],20,"['Consumer Protection', 'Medical', 'Environmental']","['Bengali', 'Urdu', 'Tamil']",yes,Faiyaz Rama,"['Wali', 'Kar', 'Singh']",Individuals.
3.0,Specialized Court,423,101.0,['Delhi'],26,"['Family', 'Real Estate', 'Family']","['Telugu', 'Hindi', 'Malayalam']",no,Ranbir Singh,['Dugar-Joshi'],Small Businesses.
,Supreme Court,195,,['Delhi'],17,"['Civil', 'Human Rights', 'Medical']","['Telugu', 'Assamese', 'Hindi']",yes,Myra Raval,"['Vala', 'Sibal', 'Sarma']",Individuals.
4.0,District Court,157,79.0,['Mumbai'],29,"['Media and Entertainment', 'Environmental', 'Labor']","['Telugu', 'Malayalam']",no,Rania Sinha,"['Ch', 'er LLC']",Large Corporations.
1.0,Specialized Court,168,66.0,['Chennai'],27,"['Corporate', 'Labor', 'Banking and Finance']","['Assamese', 'Urdu']",yes,Zain Sandal,['Sachar Ltd'],Individuals.
2.0,Specialized Court,277,60.0,['Mumbai'],10,"['Human Rights', 'Environmental', 'Family']","['Punjabi', 'Gujarati', 'Marathi']",yes,Raghav Agate,['Saha-Gokhale'],Large Corporations.
1.0,Specialized Court,385,88.0,['Mumbai'],3,"['Corporate', 'Tax', 'Human Rights']","['Punjabi', 'Marathi']",yes,Hiran Ramachandran,"['Desai', 'Balakrishnan', 'Gade']",Large Corporations.
5.0,Supreme Court,276,81.0,['Mumbai'],18,"['Environmental', 'Corporate', 'Medical']","['Telugu', 'Hindi', 'Urdu']",yes,Amani Mallick,['Kohli-Sahota'],Individuals.
2.0,Specialized Court,81,94.0,['Chennai'],18,"['Family', 'Constitutional', 'Consumer Protection']","['Telugu', 'Urdu', 'Tamil']",yes,Zoya Shan,['Zacharia PLC'],Large Corporations.
1.0,Supreme Court,376,92.0,['Bangalore'],17,"['Environmental', 'Consumer Protection', 'Immigration']","['Hindi', 'Odia', 'Malayalam']",yes,Ayesha Dani,['Warrior-Maharaj'],Small Businesses.
4.0,Supreme Court,413,66.0,['Kolkata'],24,"['Constitutional', 'Criminal', 'Consumer Protection']","['Tamil', 'Urdu']",no,Zaina Soman,['Das Inc'],Large Corporations.
4.0,Specialized Court,180,63.0,['Bangalore'],3,"['Intellectual Property', 'Environmental', 'Real Estate']","['Bengali', 'Odia', 'Urdu']",yes,Dhanush Krishnan,['Atwal-Shanker'],Small Businesses.
